date,action,truth,reward
134,13.4073,13.166746139526367,-0.05786615978876768
135,14.2779,118.01041412353516,-10760.43448638942
136,21.9408,174.13485717773438,-23163.03104021948
137,17.222,174.8587188720703,-24849.335136752125
138,18.2461,165.12806701660156,-21574.312234666024
139,12.807,148.26364135742188,-18348.501687833217
140,2.7583,111.55013275146484,-11835.662873422698
141,3.4969,159.99717712402344,-24492.33673989613
142,0.973,95.52307891845703,-8939.717423486452
143,5.1877,194.7088623046875,-35918.2709613197
144,0.0,165.5483856201172,-27406.267981427023
145,0.0,51.9197883605957,-2695.664423409049
146,0.0,193.713623046875,-37524.96775394678
147,0.0,150.2818603515625,-22584.637550726533
148,0.0,81.00711822509766,-6562.153203134949
149,0.8378,60.43674087524414,-3552.0337534508467
150,2.0247,211.06158447265625,-43696.41907003464
151,1.3601,167.15084838867188,-27486.57225127591
152,0.0,208.8307342529297,-43610.27556861774
153,2.4439,41.95718002319336,-1561.2992981912914
154,4.8336,207.55711364746094,-41096.82298557228
155,1.8967,130.22340393066406,-16467.742941708308
156,0.0,182.47561645507812,-33297.35060066078
157,0.0,207.6298828125,-43110.16823673248
158,0.0,210.62716674804688,-44363.80337230954
159,0.0,167.01898193359375,-27895.340326134115
160,0.0,43.84252166748047,-1922.1667061634944
161,0.0,94.05386352539062,-8846.129244052805
162,0.0,90.2568588256836,-8146.300565079378
163,0.0,160.43154907226562,-25738.281937726773
164,0.0,138.06423950195312,-19061.734229252674
165,0.0,128.07376098632812,-16402.888253183104
166,0.0,110.84044647216797,-12285.604574149533
167,0.0,211.41033935546875,-44694.33158639446
168,0.0,119.28963470458984,-14230.016947954486
169,0.0,76.11311340332031,-5793.206031946698
170,0.0,153.77157592773438,-23645.697563298978
171,0.0,151.21200561523438,-22865.070642181672
172,0.0,172.3614044189453,-29708.45373327122
173,0.0,56.836387634277344,-3230.3749593138346
174,0.0,84.30571746826172,-7107.453997838369
175,5.6128,189.284423828125,-33735.26539966026
176,9.2062,44.279720306396484,-1230.1518266832063
177,15.0926,192.98143005371094,-31644.43585787805
178,22.8364,171.6184844970703,-22136.10866729337
179,15.7646,228.52651977539062,-45267.634506509756
180,20.7224,234.51661682128906,-45707.96714622836
181,7.3,226.02517700195312,-47840.70305453572
182,8.7622,219.55517578125,-44433.67863871465
183,14.2519,223.03317260742188,-43589.6197915746
184,11.4835,123.8450698852539,-12625.1223870788
185,18.373,232.02378845214844,-45646.65940622469
186,25.953,161.9982147216797,-18508.30044866793
187,25.8899,182.90879821777344,-24654.93439752349
188,21.6446,146.94772338867188,-15700.87273095673
189,25.9451,182.9734649658203,-24657.907403838864
190,32.6407,219.53836059570312,-34930.73553614664
191,24.0525,171.07498168945312,-21615.610122125578
192,13.808,150.3504180908203,-18643.831938088377
193,21.5037,108.57838439941406,-7582.000663257563
194,16.2427,181.39517211914062,-27275.339047063517
195,16.2832,165.3652801513672,-22225.46662225867
196,10.4892,201.74078369140625,-36577.168264470965
197,11.8688,147.0567169189453,-18275.772880883662
198,5.0847,201.22283935546875,-38470.16970982528
199,0.0,207.8232879638672,-43190.519020112464
200,0.0,212.19427490234375,-45026.41030133143
201,0.0,222.1070556640625,-49331.54417575896
202,0.0,192.1844940185547,-36934.87974116788
203,0.0,177.6935272216797,-31574.98961648182
204,0.0,91.58320617675781,-8387.48365361453
205,0.0,116.06723022460938,-13471.601932012476
206,0.0,221.978271484375,-49274.35301119089
207,0.0,169.48158264160156,-28724.00685470202
208,0.0,178.32122802734375,-31798.460365179926
209,0.0,127.60455322265625,-16282.922003153712
210,0.0,155.01126098632812,-24028.491032571532
211,0.0,221.3794403076172,-49008.85659091384
212,0.0,211.82879638671875,-44871.43897864595
213,0.0,191.70159912109375,-36749.50310558453
214,0.0,200.57345581054688,-40229.7111757854
215,0.0,211.5572967529297,-44756.489809407154
216,0.0,148.28724670410156,-21989.10753508308
217,0.0,128.32192993164062,-16466.517701380886
218,0.0,167.8909454345703,-28187.369558913866
219,0.0,214.20350646972656,-45883.14218392619
220,0.0,180.2152862548828,-32477.549399929354
221,0.0,222.3002471923828,-49417.3999017945
222,0.0,225.7033233642578,-50941.99017767073
223,0.0,213.077392578125,-45401.9752278924
224,0.0,164.46322631835938,-27048.152811043896
225,0.0,175.5928192138672,-30832.838159473846
226,0.0,217.54373168945312,-47325.27519737277
227,0.0,220.38583374023438,-48569.91571337823
228,0.0,193.91334533691406,-37602.38549975329
229,0.0,165.83987426757812,-27502.86389708612
230,0.0,187.23446655273438,-35056.74546528701
231,0.0,205.46517944335938,-42215.93996369187
232,0.0,177.13951110839844,-31378.406395722413
233,0.0,213.86593627929688,-45738.63870062027
234,0.0,210.49476623535156,-44308.0466124753
235,0.0,173.59271240234375,-30134.42979920283
236,0.0,204.4689483642578,-41807.55084518553
237,0.0,209.30108642578125,-43806.94477901235
238,0.0,126.95307159423828,-16117.08238721179
239,0.0,200.85874938964844,-40344.2372063736
240,0.0,119.44989013671875,-14268.27625367418
241,0.0,205.9437255859375,-42412.81810821593
242,0.0,35.265419006347656,-1243.6497776932665
243,0.0,188.7423858642578,-35623.68822173239
244,0.0,166.11256408691406,-27593.38394752913
245,0.0,171.3660430908203,-29366.320724604884
246,0.0,25.53423500061035,-651.9971570663947
247,0.0,213.0142822265625,-45375.08443249762
248,0.0,211.10275268554688,-44564.37219141517
249,0.0,188.332275390625,-35469.045953810215
250,0.0,112.30650329589844,-12612.750682551647
251,0.0,73.58368682861328,-5414.558967291436
252,0.0,182.6421356201172,-33358.14970387728
253,0.0,169.55975341796875,-28750.509979162365
254,0.0,183.86741638183594,-33807.22680693143
255,0.0,185.31033325195312,-34339.919609949924
256,0.0,182.92906188964844,-33463.04168382683
257,0.0,128.4506072998047,-16499.558515688637
258,0.0,183.38290405273438,-33629.28949881438
259,0.0,39.19813537597656,-1536.4938169533852
260,0.0,70.32173919677734,-4945.147003659571
261,0.0,23.27225112915039,-541.5976726182416
262,0.0,168.48658752441406,-28387.73017562204
263,0.0,151.5211181640625,-22958.64924968779
264,0.0,157.05963134765625,-24667.727799061686
265,0.0,121.2713394165039,-14706.737763872894
266,0.0,81.54735565185547,-6649.971213810204
267,0.0,109.29226684570312,-11944.799592272379
268,0.0,128.42115783691406,-16491.993780173594
269,0.0,11.6358003616333,-135.39185005578565
270,0.0,147.8240966796875,-21851.963559165597
271,0.0,77.31260681152344,-5977.23917199322
272,0.0,99.3280029296875,-9866.052166000009
273,0.0,168.05992126464844,-28244.137135479832
274,0.0,168.92550659179688,-28535.82677729521
275,0.0,153.69422912597656,-23621.916066628182
276,0.0,154.1604461669922,-23765.443162406096
277,0.0,156.3908233642578,-24458.089632550487
278,0.0,152.19874572753906,-23164.45820103609
279,0.0,139.6139373779297,-19492.051510168472
280,0.0,147.75833129882812,-21832.52446821425
281,0.0,145.73880004882812,-21239.797839672305
282,0.0,139.60552978515625,-19489.70394659415
283,0.0,109.32673645019531,-11952.335302850464
284,0.0,108.18282318115234,-11703.523231444473
285,0.0,48.19717025756836,-2322.967220837032
286,0.0,136.40101623535156,-18605.23723003664
287,0.0,89.84992980957031,-8073.009886784712
288,0.0,139.2022247314453,-19377.259370183805
289,0.0,94.31670379638672,-8895.640615015349
290,0.0,52.54816818237305,-2761.309979322963
291,0.0,62.08213806152344,-3854.191866290057
292,0.0,64.60494995117188,-4173.799558193423
293,0.0,56.8191032409668,-3228.4104931076436
294,0.0,120.50442504882812,-14521.316456348635
295,0.0,118.09388732910156,-13946.166224498535
296,0.0,89.70308685302734,-8046.643790961767
297,0.0,77.42963409423828,-5995.348235967627
298,0.0,63.47227096557617,-4028.729181527524
299,0.0,47.86540222167969,-2291.0967298431788
300,0.0,95.2608871459961,-9074.636619842204
301,0.0,92.66442108154297,-8586.694934377505
302,0.0,118.20288848876953,-13971.922847088485
303,0.0,52.47843551635742,-2753.986194244484
304,0.0,121.37908935546875,-14732.883332762867
305,0.0,116.59378814697266,-13594.111434461141
306,0.0,13.231683731079102,-175.07745435930337
307,0.0,76.94568634033203,-5920.638646384759
308,0.0,115.36225891113281,-13308.450781079242
309,0.0,19.73473358154297,-389.45970953447977
310,0.0,73.65558624267578,-5425.14538475225
311,0.0,89.917724609375,-8085.1971989274025
312,0.0,9.186697006225586,-84.39540188419414
313,0.0,60.33482360839844,-3640.2909398565535
314,0.0,75.21928405761719,-5657.940694140503
315,0.0,103.929931640625,-10801.430690824986
316,0.0,78.34913635253906,-6138.587167188758
317,0.0,72.25997161865234,-5221.503498328442
318,0.0,83.05565643310547,-6898.242065534054
319,0.0,102.92645263671875,-10593.854652378708
320,0.0,105.1924057006836,-11065.44221709721
321,0.0,104.3448486328125,-10887.847436204553
322,0.0,88.77395629882812,-7880.815316946246
323,0.0,12.194900512695312,-148.7155985145364
324,0.0,34.484683990478516,-1189.1934299231652
325,0.0,82.31282043457031,-6775.400407893816
326,0.0,10.575966835021973,-111.85107449548468
327,0.0,33.137149810791016,-1098.070697582807
328,0.0,80.20708465576172,-6433.176428976527
329,0.0,24.643217086791992,-607.2881483867568
330,0.0,8.354066848754883,-69.79043291346534
331,0.0,10.697216987609863,-114.43045128000904
332,0.0,41.745750427246094,-1742.7076787339174
333,0.0,93.1756362915039,-8681.69919832662
334,0.0,92.67330169677734,-8588.340847381915
335,0.0,50.592185974121094,-2559.569281640055
336,0.0,92.77163696289062,-8606.576624774374
337,0.0,11.196550369262695,-125.3627401714366
338,0.0,13.054317474365234,-170.4152047215175
339,0.0,21.704084396362305,-471.06727948441767
340,0.0,1.7458250522613525,-3.0479051131033543
341,0.0,57.53663635253906,-3310.4645227643196
342,0.0,35.97570037841797,-1294.2510177177028
343,0.0,61.376548767089844,-3767.080738558958
344,0.0,52.54963684082031,-2761.4643321020994
345,0.0,48.678070068359375,-2369.554505580105
346,0.0,20.92565155029297,-437.8828928042785
347,0.0,24.770601272583008,-613.5826874052909
348,0.0,4.905683517456055,-24.06573077344001
349,0.0,13.944792747497559,-194.4572447706605
350,0.0,84.74446868896484,-7181.624973374943
351,0.0,59.07480239868164,-3489.832278443282
352,0.0,83.19053649902344,-6920.665362995351
353,0.0,50.85017013549805,-2585.7398028090975
354,0.0,13.700167655944824,-187.6945938009967
355,0.0,36.798885345458984,-1354.157962668236
356,0.0,19.277151107788086,-371.60855483249543
357,0.0,64.34525299072266,-4140.311582440103
358,0.0,83.93458557128906,-7045.014655024046
359,0.0,85.73098754882812,-7349.802226097323
360,0.0,63.37968444824219,-4016.9844007587526
361,0.0,18.848093032836914,-355.2506109744754
362,0.0,77.04595184326172,-5936.078695434204
363,0.0,84.07118225097656,-7067.963685076917
364,0.0,6.929441928863525,-48.017165445491855
365,0.0,76.25585174560547,-5814.954925447761
1,0.0,53.53578567504883,-2866.0803478447633
2,0.0,48.050235748291016,-2308.825155466344
3,0.0,83.79972076416016,-7022.393200151215
4,0.0,85.5980224609375,-7327.021449223161
5,0.0,87.29338073730469,-7620.134320548037
6,0.0,73.72867584228516,-5435.917641456763
7,0.0,81.90845489501953,-6708.994983289449
8,0.0,32.76981735229492,-1073.8609293027694
9,0.0,90.10040283203125,-8118.082590494305
10,0.0,89.36837005615234,-7986.705566493387
11,0.0,86.35735321044922,-7457.592453514284
12,0.0,15.676651000976562,-245.75738660641946
13,0.0,34.0797004699707,-1161.4259841229214
14,0.0,69.9884033203125,-4898.37659932673
15,0.0,88.74295043945312,-7875.311252699234
16,0.0,44.03382873535156,-1938.978073094273
17,0.0,18.19026756286621,-330.88583400866264
18,0.0,50.13348388671875,-2513.3662066198885
19,0.0,88.87371826171875,-7898.537797663361
20,0.0,3.7742669582366943,-14.245091072037269
21,0.0,12.67103385925293,-160.5550990623342
22,0.0,7.318775177001953,-53.56447009149997
23,0.0,33.16410827636719,-1099.8580777666066
24,0.0,56.15153503417969,-3152.994886694709
25,0.0,38.425785064697266,-1476.5409578383114
26,0.0,28.015344619750977,-784.85953416341
27,0.0,35.91636657714844,-1289.9853881041054
28,0.0,101.0145492553711,-10203.939161265793
29,0.0,95.92668151855469,-9201.928227162221
30,0.0,106.0421371459961,-11244.934850490245
31,0.0,79.81993865966797,-6371.222607633157
32,0.0,64.35120391845703,-4141.07744575484
33,0.0,94.76923370361328,-8981.207656770071
34,0.0,14.536432266235352,-211.30786303084824
35,0.0,12.11609172821045,-146.79967876640967
36,0.0,33.75667953491211,-1139.513413222754
37,0.0,22.283519744873047,-496.55525222014694
38,0.0,11.50363826751709,-132.3336933898836
39,0.0,57.200355529785156,-3271.8806727338233
40,0.0,55.93307113647461,-3128.508446757929
41,0.0,45.818031311035156,-2099.291993218998
42,0.0,128.60951232910156,-16540.406661529327
43,0.0,129.7407684326172,-16832.666993485996
44,0.0,2.111262321472168,-4.457428590068048
45,0.0,35.718997955322266,-1275.8468149323162
46,0.0,75.86666870117188,-5755.751419813372
47,0.0,133.98486328125,-17951.943588495255
48,0.0,116.57337188720703,-13589.35103315307
49,0.0,135.00433349609375,-18226.1700627245
50,0.0,134.79307556152344,-18169.173219334567
51,0.0,110.04931640625,-12110.852041482925
52,0.0,89.66104125976562,-8039.102319785394
53,0.0,84.75035858154297,-7182.623279700114
54,0.0,9.447929382324219,-89.2633696133853
55,0.0,30.91029167175293,-955.4461312328385
56,0.0,151.48028564453125,-22946.27693894878
57,0.0,147.1866455078125,-21663.90861584246
58,0.0,151.94784545898438,-23088.1477396274
59,0.0,41.3399543762207,-1708.9918278280093
60,0.0,43.60845184326172,-1901.6970721660764
61,0.0,94.31250762939453,-8894.849095344602
62,0.0,6.378431797027588,-40.684392189332584
63,0.0,34.714046478271484,-1205.0650228955928
64,0.0,71.62511444091797,-5130.157018674596
65,0.0,106.7366714477539,-11392.717031745764
66,0.0,155.1451416015625,-24070.01496256888
67,0.0,23.097837448120117,-533.51009477978
68,0.0,163.01119995117188,-26572.651309520938
69,0.0,167.4476318359375,-28038.70940746367
70,0.0,168.095947265625,-28256.24748712778
71,0.0,100.35490417480469,-10071.106791934231
72,0.0,79.23458862304688,-6278.120034263469
73,0.0,166.85964965820312,-27842.142684058286
74,0.0,97.93740844726562,-9591.735973366536
75,0.0,154.47207641601562,-23861.62239227537
76,0.0,134.90345764160156,-18198.942883659387
77,0.0,144.76705932617188,-20957.501465947367
78,0.0,125.45941162109375,-15740.063964311033
79,0.0,125.169677734375,-15667.448224127293
80,0.0,155.9563751220703,-24322.390941215912
81,0.0,101.0082778930664,-10202.672202922928
82,0.0,41.67485046386719,-1736.7931611856911
83,0.0,102.42334747314453,-10490.542107604502
84,0.0,62.999088287353516,-3968.885125037763
85,0.0,157.4292449951172,-24783.96717973263
86,0.0,112.38194274902344,-12629.701056044782
87,0.0,119.38775634765625,-14253.436365727335
88,0.0,189.85804748535156,-36046.07819495001
89,0.0,128.19171142578125,-16433.114878270775
90,0.0,74.79638671875,-5594.499466180801
91,0.0,123.6742935180664,-15295.330877192842
92,0.0,180.5600128173828,-32601.918228613446
93,0.0,182.10365295410156,-33161.74041922786
94,0.0,160.17723083496094,-25656.74527795636
95,0.0,180.4468994140625,-32561.08350814879
96,0.0,197.9976348876953,-39203.0634211211
97,0.0,203.04574584960938,-41227.57490762416
98,0.0,49.10515213012695,-2411.3159657229116
99,0.0,205.50547790527344,-42232.50144907483
100,0.0,206.39822387695312,-42600.22681956086
101,0.0,211.9757537841797,-44933.72019237117
102,0.0,207.12857055664062,-42902.24474083725
103,0.0,179.7452850341797,-32308.3674920185
104,0.0,32.682777404785156,-1068.1639388907352
105,0.0,70.61656188964844,-4986.698813114548
106,0.0,81.21437072753906,-6595.774012670154
107,0.0,143.11915588378906,-20483.092780888313
108,0.0,204.84608459472656,-41961.91837378987
109,0.0,119.67582702636719,-14322.303574444959
110,0.0,46.68379211425781,-2179.37644616724
111,0.0,101.37928009033203,-10277.758431633993
112,0.0,136.53811645507812,-18642.657245100476
113,0.0,198.36000061035156,-39346.68984213867
114,0.0,176.3152618408203,-31087.071557997027
115,0.0,184.09317016601562,-33890.295301773585
116,0.0,170.76377868652344,-29160.268111299956
117,0.0,214.5186767578125,-46018.262677922845
118,0.0,149.54356384277344,-22363.277486797655
119,0.0,48.58920669555664,-2360.9110073035263
120,0.0,45.80879592895508,-2098.4457844606513
121,0.0,79.46858978271484,-6315.25676205341
122,0.0,69.41907501220703,-4819.007975550427
123,0.0,94.75074005126953,-8977.702740263252
124,0.0,140.1045684814453,-19629.290109372
125,0.0,171.22341918945312,-29317.459278927185
126,0.0,184.27024841308594,-33955.5244502204
127,0.0,118.57359313964844,-14059.696990046883
128,0.0,177.26856994628906,-31424.145890802378
129,0.0,177.48342895507812,-31500.367553652264
130,0.0,195.7151641845703,-38304.425491793314
131,0.0,224.4862823486328,-50394.09096271009
132,0.0,208.4398956298828,-43447.19009019644
133,0.0,185.94679260253906,-34576.209679171676
134,0.0,220.93435668945312,-48811.9899657825
135,0.0,217.88687133789062,-47474.6887014145
136,0.0,210.331298828125,-44239.25526672602
137,0.0,226.11085510253906,-51126.118795201415
138,0.0,214.7951202392578,-46136.94367859722
139,0.0,214.3729248046875,-45955.7508893162
140,0.0,166.78778076171875,-27818.16381141916
141,0.0,192.809326171875,-37175.43625885248
142,0.0,230.17251586914062,-52979.38706152979
143,0.0,219.89035034179688,-48351.76617343817
144,0.0,216.08883666992188,-46694.38533336017
145,0.0,176.68307495117188,-31216.90897420142
146,0.0,110.09204864501953,-12120.259174857347
147,0.0,186.18869018554688,-34666.22835300956
148,0.0,224.17364501953125,-50253.82312134281
149,0.0,172.57212829589844,-29781.13946457603
150,0.0,239.9472198486328,-57574.66831308813
151,0.0,230.20449829101562,-52994.111033418216
152,0.0,42.5534553527832,-1810.7965624613134
153,0.0,208.83193969726562,-43610.77903772239
154,0.0,153.5546875,-23579.042053222656
155,0.0,192.69407653808594,-37131.00713286572
156,0.0,166.7871856689453,-27817.965303367237
157,0.0,196.7907257080078,-38726.58972468437
158,0.0,236.45411682128906,-55910.549361735815
159,0.0,221.21107482910156,-48934.33962704637
160,0.0,226.3468017578125,-51232.87466599047
161,0.0,232.74449157714844,-54169.99835950532
162,0.0,229.0642852783203,-52470.44679006771
163,0.0,175.15933227539062,-30680.7916831607
164,0.0,249.06471252441406,-62033.23102486902
165,0.0,179.0221405029297,-32048.926790250698
166,0.0,224.393310546875,-50352.35781818628
167,0.0,181.6336212158203,-32990.77235597209
168,0.0,177.0858154296875,-31359.386026397347
169,0.0,227.27635192871094,-51654.54014602327
170,0.0,232.39599609375,-54007.899000406265
171,0.0,226.44906616210938,-51279.17956569139
172,0.0,223.87217712402344,-50118.75169025012
173,0.0,232.81666564941406,-54203.59980411106
174,0.0,233.72186279296875,-54625.90914741531
175,0.0,108.36753845214844,-11743.52339017787
176,0.0,192.08670043945312,-36897.3004857162
177,0.0,247.09454345703125,-61055.713406238705
178,0.0,232.48922729492188,-54051.24080818985
179,0.0,227.13174438476562,-51588.82930726651
180,0.0,190.4694061279297,-36278.59467072622
181,0.0,119.60081481933594,-14304.354905449087
182,0.0,194.31622314453125,-37758.79457715526
183,0.0,215.20237731933594,-46312.063203893835
184,0.0,214.61366271972656,-46059.02422597655
185,0.0,214.656494140625,-46077.410476744175
186,0.0,213.090087890625,-45407.38555723429
187,0.0,202.04042053222656,-40820.33152883896
188,0.0,209.9062042236328,-44060.614571573446
189,0.0,211.263671875,-44632.339054107666
190,0.0,213.24864196777344,-45474.98330109962
191,0.0,180.78919982910156,-32684.734774846816
192,0.0,218.90086364746094,-47917.588105604285
193,0.0,233.05392456054688,-54314.131753073074
194,0.0,200.8448486328125,-40338.653222337365
195,0.0,131.77220153808594,-17363.913098193938
196,0.0,174.78781127929688,-30550.7789718071
197,0.0,209.9647674560547,-44085.20357287512
198,0.0,206.40423583984375,-42602.70857262984
199,0.0,203.5443115234375,-41430.28675355017
200,0.0,191.55426025390625,-36693.03462142125
201,0.0,208.27955627441406,-43380.373561866814
202,0.0,161.4591522216797,-26069.057836143533
203,0.0,116.11302185058594,-13482.233843274647
204,0.0,160.65240478515625,-25809.195163253695
205,0.0,203.936279296875,-41590.00601345301
206,0.0,188.89439392089844,-35681.09205474355
207,0.0,204.38619995117188,-41773.71873048041
208,0.0,195.33544921875,-38155.93772149086
209,0.0,215.844970703125,-46589.05137783289
210,0.0,102.80342864990234,-10568.544942175562
211,0.0,180.3312225341797,-32519.349820671836
212,0.0,175.8372344970703,-30918.733035577694
213,0.0,219.41847229003906,-48144.46598209464
214,0.0,212.28887939453125,-45066.568314585835
215,0.0,193.45155334472656,-37423.50349148759
216,0.0,207.0451202392578,-42867.681814888725
217,0.0,88.75651550292969,-7877.719044221798
218,0.0,227.25775146484375,-51646.08560085669
219,0.0,222.1948699951172,-49370.56025214703
220,0.0,204.26612854003906,-41724.65126873576
221,0.0,126.53655242919922,-16011.499100667483
222,0.0,133.0343017578125,-17698.125444188714
223,0.0,198.76939392089844,-39509.2719596813
224,0.0,203.50738525390625,-41415.25585288182
225,0.0,38.326961517333984,-1468.9559791512002
226,0.0,122.97708892822266,-15123.364401259983
227,0.0,200.1206512451172,-40048.27505476982
228,0.0,205.3526611328125,-42169.71543432772
229,0.0,135.2918243408203,-18303.87773346738
230,0.1076,217.0569305419922,-47067.01202261859
231,11.2184,165.52694702148438,-23811.127683881652
232,17.1232,159.451416015625,-20257.321074190415
233,14.5469,206.93568420410156,-37013.44428753236
234,15.8398,206.18441772460938,-36231.07349672768
235,15.6892,184.05088806152344,-28345.658006925725
236,13.6738,189.48883056640625,-30910.924973066365
237,17.868,196.0839385986328,-31760.920770591663
238,19.2197,119.03642272949219,-9963.378136456322
239,18.308,5.143869876861572,-173.29432189892054
240,13.3045,185.4025115966797,-29617.7255955309
241,2.1958,178.21295166015625,-30982.03767855445
242,1.9347,176.77191162109375,-30568.05056743912
243,0.6157,189.0203399658203,-35496.30836065037
244,4.1061,129.145751953125,-15634.914560558636
245,0.0,67.16449737548828,-4511.069707701972
246,13.539,121.11768341064453,-11573.173124367684
247,13.3559,143.37229919433594,-16904.264059460922
248,27.4262,169.9967498779297,-20326.361692495237
249,36.0378,176.0121307373047,-19592.81326535636
250,31.4766,185.7672576904297,-23805.607050545354
251,25.5104,72.67425537109375,-2224.4292534654483
252,25.4883,194.6503143310547,-28615.787092539947
253,22.321,190.428466796875,-28260.12039286243
254,11.1873,192.50523376464844,-32876.19310468144
255,0.0,179.4210968017578,-32191.929977545748
256,0.7424,162.3985137939453,-26132.699126960993
257,12.0036,24.121753692626953,-146.84964891812825
258,13.7856,175.4182586669922,-26125.11634776041
259,27.6611,179.942138671875,-23189.514738985086
260,33.3456,149.61402893066406,-13518.347566004883
261,45.7238,72.59571838378906,-722.0999976250207
262,48.7783,151.87542724609375,-10629.017646397246
263,46.8368,175.445556640625,-16540.21228464751
264,42.4909,158.31007385253906,-13414.081031884665
265,39.5052,110.71940612792969,-5071.463154431258
266,39.5778,181.775146484375,-20220.085347197397
267,49.3948,175.431884765625,-15885.346736217341
268,43.9155,163.55685424804688,-14314.053646306642
269,47.2911,155.47357177734375,-11703.447199855776
270,43.8564,139.98941040039062,-9241.55568864161
271,44.662,152.32421875,-11591.15334617285
272,40.7978,152.30250549316406,-12433.299347117252
273,41.4312,150.85733032226562,-11974.077997305463
274,39.2666,139.0358123779297,-9953.89573851244
275,53.1714,82.5638198852539,-863.9143467110694
276,52.618,145.47518920898438,-8622.457587793126
277,58.0113,142.98580932617188,-7220.66723522367
278,61.1631,48.19173049926758,-168.25642672453128
279,57.4525,43.42485809326172,-196.77473746368003
280,49.5189,79.04609680175781,-871.8553509697367
281,51.2537,152.06019592285156,-10161.949620243888
282,55.9601,147.8760986328125,-8448.55080466719
283,53.7249,68.41351318359375,-215.75535725724419
284,59.6933,147.56593322753906,-7721.599670341603
285,63.8183,135.08016967773438,-5078.254069966399
286,59.7592,148.5186309814453,-7878.236588149955
287,69.571,20.290082931518555,-2428.6087871105456
288,73.9298,27.418254852294922,-2163.323832027008
289,76.3688,139.94342041015625,-4041.7323602954566
290,71.5179,122.97805786132812,-2648.147847112811
291,68.5827,27.842838287353516,-1659.736332365559
292,77.03,25.059446334838867,-2700.938448263393
293,77.2632,62.96299743652344,-204.49579335646158
294,63.7469,106.75550842285156,-1849.7403984701787
295,67.3236,131.01788330078125,-4056.9617252001813
296,68.1461,42.37762451171875,-664.0143289901519
297,72.4685,55.09505844116211,-301.8364715983558
298,73.9004,110.80345153808594,-1361.8352128226265
299,71.457,15.853669166564941,-3091.7303997724293
300,72.0683,114.32787322998047,-1785.8715295800823
301,79.5098,110.33366394042969,-950.1105882181216
302,83.2095,124.7049560546875,-1721.872873186501
303,76.1628,116.8544692993164,-1655.811950364929
304,79.6566,122.5132064819336,-1836.6887191473127
305,82.011,123.36589813232422,-1710.2275995349135
306,83.195,103.11261749267578,-396.71148658454456
307,87.2463,72.99995422363281,-202.95836797981534
308,100.2074,82.97261047363281,-297.03797001817634
309,99.4245,61.522254943847656,-1436.5801802966243
310,105.2181,57.65699768066406,-2262.058453830343
311,105.0993,12.158461570739746,-8637.99944793386
312,101.5264,42.113922119140625,-3529.8425279436037
313,114.447,110.04794311523438,-19.351701475403868
314,108.9928,68.39580535888672,-1648.1159738905808
315,104.6863,66.40473937988281,-1465.4778835117072
316,100.0745,3.5776002407073975,-9311.651663154966
317,98.0945,91.73313903808594,-40.466913287764164
318,98.5269,105.03889465332031,-42.40607436487237
319,117.0617,99.86935424804688,-295.57675245470074
320,117.973,87.20182800292969,-946.8650260732841
321,109.4717,97.52915954589844,-142.62427249785233
322,103.1963,89.80638885498047,-179.28972047151808
323,104.1839,73.33106231689453,-951.8975931000525
324,90.5747,50.707340240478516,-1589.4063741951136
325,91.9013,28.489439010620117,-4021.064114136439
326,98.68,80.2352294921875,-340.20955908587007
327,100.659,38.138282775878906,-3908.8400822185126
328,109.1021,94.26110076904297,-220.25525817326698
329,92.8528,39.24167251586914,-2874.1529901197314
330,91.4359,49.41291427612305,-1765.9313291491665
331,82.1489,41.202449798583984,-1676.6117840970414
332,77.8022,68.91191101074219,-79.03723831251868
333,79.7149,87.82587432861328,-65.78790455942367
334,71.8321,66.33468627929688,-30.221557616574945
335,72.7689,75.90548706054688,-9.838178388390073
336,77.4844,7.81593656539917,-4853.694797338312
337,69.8671,65.34896850585938,-20.413512198345337
338,74.9825,26.957103729248047,-2306.4386869627556
339,79.9977,86.2159652709961,-38.66682298047619
340,87.1367,67.91401672363281,-369.51155234352694
341,81.4043,23.971830368041992,-3298.4885680257794
342,81.717,17.93059539794922,-4068.705412056525
343,87.2017,69.00640869140625,-331.0686258045873
344,87.6403,8.693315505981445,-6232.626360698806
345,75.4933,44.94955825805664,-932.9201595985335
346,73.973,79.46308898925781,-30.14107710996988
347,70.6521,83.88613891601562,-175.1397860306159
348,66.9311,80.2929916381836,-178.5401481505606
349,64.2504,63.70966339111328,-0.2923960801903072
350,68.816,5.608792304992676,-3995.1511045997936
351,68.2844,12.58326530456543,-3102.6164063589454
352,65.3974,22.122102737426758,-1872.7513531640795
353,59.3004,18.171600341796875,-1691.5781613246097
354,53.7104,10.84008502960205,-1837.8639056611264
355,52.2341,0.8407163619995117,-2641.2798817626963
356,53.2684,26.26706314086914,-729.0721921802588
357,59.7683,49.6320915222168,-102.74272230508416
358,55.0498,60.30183792114258,-27.583902325119677
359,57.3168,14.99885082244873,-1790.8088225938122
360,53.7465,66.88924407958984,-172.73172194159395
361,58.0564,20.94427490234375,-1377.3098292640866
362,62.824,53.18672561645508,-92.87705754373111
363,60.437,7.641119003295898,-2787.4050502181412
364,64.6727,26.870351791381836,-1429.0175300856174
365,58.2436,58.35093688964844,-0.011521207879400698
366,48.7344,19.732973098754883,-841.082762308264
1,47.7877,79.88574981689453,-1030.284802047843
2,56.8544,77.96298217773438,-445.5722415541654
3,63.6539,61.34310531616211,-5.339772070853457
4,55.9213,85.03192138671875,-847.4282775208869
5,44.1543,41.84675979614258,-5.324741792418348
6,40.1786,86.58087921142578,-2153.171516015117
7,36.9566,76.14801025390625,-1535.966637689988
8,32.6929,64.8667984008789,-1035.1597383100782
9,30.3117,76.6861572265625,-2150.5902830582745
10,28.8696,24.90925407409668,-15.684339852819015
11,23.4391,15.33033275604248,-65.75210621667843
12,21.3087,45.423011779785156,-581.5000326126851
13,20.7573,59.9058723449707,-1532.6107166494048
14,20.0613,89.11463165283203,-4768.362612356013
15,16.2588,81.77884674072266,-4292.876524906481
16,26.9781,53.67816925048828,-712.8936979808698
17,35.5055,82.01886749267578,-2163.493355508708
18,41.342,90.32061004638672,-2398.9042420760143
19,39.0766,73.12345123291016,-1159.1880788759158
20,29.0264,33.03580093383789,-16.075295848260158
21,20.5001,94.74058532714844,-5511.649661610542
22,28.9631,77.8401870727539,-2388.9696407175675
23,36.7023,74.49610137939453,-1428.371422705124
24,35.2679,54.83723068237305,-382.95870335606725
25,27.3508,97.88652038574219,-4975.287850335607
26,24.8827,96.84278869628906,-5178.254365177789
27,21.6349,3.7477335929870605,-319.95072207217214
28,10.6821,24.70293426513672,-196.5837934904319
29,10.3739,7.169200420379639,-10.270099395618926
30,13.6158,0.26940834522247314,-178.1261702027152
31,10.7456,4.398383617401123,-40.28715580753157
32,11.1567,8.499950408935547,-7.058318389621143
33,13.6769,3.7836835384368896,-97.87573195534331
34,12.7857,17.99167251586914,-27.102149835984868
35,18.7345,60.31237030029297,-1728.7192987079843
36,14.662,90.16038513183594,-5700.006157515025
37,10.3971,99.57589721679688,-7952.857873034579
38,7.7861,10.611172676086426,-7.981035625170118
39,19.7213,21.066701889038086,-1.8101062430272516
40,21.7066,39.66144943237305,-322.3766181391867
41,25.3341,18.17861557006836,-51.20095742699413
42,25.3032,32.495784759521484,-51.733275522900726
43,34.0753,95.33045196533203,-3752.1936422959207
44,34.3451,123.78783416748047,-8000.002695354578
45,40.6924,44.31592559814453,-13.129937760408689
46,43.776,114.2203598022461,-4962.407827948304
47,38.3152,106.62959289550781,-4666.856276681808
48,45.2453,120.06465148925781,-5597.935357273105
49,44.1314,44.20048904418945,-0.004773296027012304
50,47.0687,136.94638061523438,-8077.9974727740755
51,42.4942,126.98999786376953,-7139.539856634999
52,54.4806,29.133323669433594,-642.4844173780921
53,56.1822,0.6087125539779663,-3088.4125069131687
54,51.757,18.730512619018555,-1090.7488687261266
55,54.0901,84.56299591064453,-928.5973851809762
56,62.958,103.32144927978516,-1629.208037761789
57,64.3358,25.09286117553711,-1540.0082475805373
58,73.6586,0.633109450340271,-5332.722270018444
59,77.3808,17.27273178100586,-3612.979865019253
60,85.2712,85.94660186767578,-0.4561676828599427
61,84.4575,158.60919189453125,-5498.4734108214925
62,91.6938,148.5674591064453,-3234.6131001561503
63,87.6537,92.3693618774414,-22.237466942354203
64,85.0982,0.18102100491523743,-7210.927288483265
65,84.9316,7.505444049835205,-5994.80962521924
66,86.0796,41.09757614135742,-2023.3824704194901
67,83.8443,142.50050354003906,-3440.5502137304907
68,97.3963,10.627603530883789,-7528.80668694962
69,108.1666,14.441495895385742,-8784.395139420782
70,107.5873,19.842620849609375,-7699.128719204995
71,103.8447,55.57646942138672,-2329.8220831901785
72,109.2902,172.54928588867188,-4001.7119474703654
73,101.5767,150.3932647705078,-2383.056995993184
74,106.8217,72.31008911132812,-1191.0512861310956
75,109.9365,55.086326599121094,-3008.541522106483
76,106.9632,138.98394775390625,-1025.328286719292
77,109.1182,4.782747745513916,-10885.886597148146
78,106.3607,159.07736206054688,-2779.046458805903
79,99.2871,169.40235900878906,-4916.149545869576
80,100.3263,181.65614318847656,-6614.543393062187
81,97.3792,175.5962371826172,-6117.9049056269205
82,89.312,122.50733947753906,-1101.9305630290635
83,95.0142,1.1315219402313232,-8813.957239674171
84,95.345,12.708050727844238,-6828.865385008845
85,91.096,116.03214263916016,-621.8112097205411
86,91.7719,167.18360900878906,-5686.925855626278
87,95.0669,172.908203125,-6059.268472198134
88,88.8667,175.69979858398438,-7539.98700969595
89,82.1437,42.98375701904297,-1533.5011342718055
90,85.5501,183.37640380859375,-9569.985716851284
91,89.4944,187.8445281982422,-9672.747716610673
92,87.3992,190.8657989501953,-10705.337098320559
93,86.1674,167.42007446289062,-6601.997107372478
94,84.1261,182.6764678955078,-9712.175012339938
95,81.2587,152.0685272216797,-5014.031631164129
96,89.2655,73.36292266845703,-252.89196578570437
97,93.8319,169.30006408691406,-5695.443790649385
98,98.6175,181.6969451904297,-6902.19421314961
99,120.147,84.3205795288086,-1283.532403778603
100,121.1698,30.39948272705078,-8239.250497831863
101,124.9561,41.715293884277344,-6929.031802795332
102,132.7067,57.33773422241211,-5680.481002383216
103,132.5817,166.64434814453125,-1160.2639986181373
104,118.7474,143.58993530273438,-617.1515602676037
105,135.6863,68.94689178466797,-4454.148608932727
106,136.234,106.60164642333984,-878.0763784922045
107,132.3328,5.318811416625977,-16132.553295857464
108,126.2067,36.98625564575195,-7960.287690769472
109,123.9557,48.40862274169922,-5707.360882271666
110,122.4744,214.77854919433594,-8520.055958490228
111,129.0227,184.8618621826172,-3118.012033256627
112,134.5835,138.9517059326172,-19.08122306975211
113,127.1807,39.36028289794922,-7712.425659978174
114,123.0156,220.8480987548828,-9571.197812624147
115,126.155,223.55580139160156,-9486.916111726212
116,126.7066,189.48696899414062,-3941.374731040454
117,128.1949,147.06072998046875,-355.9195408519539
118,138.5142,207.65599060058594,-4780.587207455275
119,141.6462,172.67274475097656,-962.6464791843517
120,135.8891,206.91717529296875,-5044.987479823636
121,137.0592,204.339599609375,-4526.652171597187
122,132.8521,36.494136810302734,-9284.857070067055
123,133.5691,35.301082611083984,-9656.603241548299
124,136.9611,62.86487579345703,-5490.250441666282
125,141.7611,182.97413635253906,-1698.5143653957064
126,132.8583,199.13400268554688,-4392.468766463004
127,146.0581,187.10887145996094,-1685.1658374579438
128,151.2834,138.8788604736328,-153.8726008612059
129,142.6695,74.79180145263672,-4607.381960086723
130,140.868,76.42119598388672,-4153.390547891314
131,141.7958,213.1875,-5096.774828889998
132,135.0915,238.3416290283203,-10660.589144364794
133,131.9771,175.2528533935547,-1872.7908317797594
134,129.8996,219.7835693359375,-8079.127943583754
135,128.0944,174.1575164794922,-2121.810699803264
136,134.7102,190.31219482421875,-3091.58182843245
137,143.5422,180.35704040527344,-1355.332474065753
138,136.8102,152.7171173095703,-253.03001829350734
139,141.9511,119.86063385009766,-487.98869471998114
140,144.6258,220.78179931640625,-5799.73623188047
141,138.116,171.86109924316406,-1138.7317229309908
142,135.764,101.47476196289062,-1175.751845165549
143,139.2273,171.55979919433594,-1045.3905041517332
144,145.4762,240.82806396484375,-9091.977961570066
145,143.5897,18.0748291015625,-15753.98281665143
146,153.0962,43.90123748779297,-11923.539838042301
147,146.8853,76.97676086425781,-4887.203844093598
148,140.0171,81.64558410644531,-3407.233867711507
149,135.8582,175.88641357421875,-1602.2578819432692
150,136.2703,103.32221221923828,-1085.5764884087791
151,141.5605,151.1167449951172,-91.32181840670248
152,137.6409,169.77810668945312,-1032.8000538006315
153,136.5103,163.26951599121094,-716.0556404642791
154,139.7381,230.2841339111328,-8198.584257036013
155,136.2124,85.49500274658203,-2572.2543841610086
156,130.6871,48.566925048828125,-6743.723134011075
157,124.1818,105.27616119384766,-357.42317866869325
158,128.8531,140.42288208007812,-133.85985738049663
159,128.4621,178.4620361328125,-2499.99361328533
160,123.824,74.76693725585938,-2406.59540508255
161,122.9118,165.59097290039062,-1821.5117994614375
162,116.5783,208.4226837158203,-8435.39082013884
163,115.0621,158.57737731933594,-1893.5793601787125
164,114.3919,225.3281707763672,-12306.856173767459
165,114.429,127.07527923583984,-159.92837851083394
166,114.0698,126.67058563232422,-158.77979855178845
167,119.0394,208.9839324951172,-8090.018925765192
168,122.3429,225.26187133789062,-10592.314661249551
169,115.8093,230.05824279785156,-13052.82093042676
170,109.1736,226.31790161132812,-13722.787400005815
171,110.0122,215.47622680664062,-11122.660950271811
172,120.7165,134.87940979003906,-200.58801372078443
173,131.7111,176.3302459716797,-1990.8681872420607
174,124.5872,150.99806213378906,-697.5336386500131
175,126.6154,19.17390251159668,-11543.675382550575
176,117.6069,136.02035522460938,-339.05533330869446
177,121.9749,148.4839324951172,-702.7288038271787
178,122.0524,175.83755493164062,-2892.8428910205853
179,114.6575,223.0549774169922,-11750.013110367332
180,115.1869,124.17574310302734,-80.79930033084234
181,115.2859,195.53306579589844,-6439.607618274413
182,109.3244,227.02932739257812,-13854.449932492089
183,114.3965,208.1459197998047,-8788.95371280001
184,119.3062,208.2296142578125,-7907.373603266531
185,122.2866,220.4656982421875,-9639.135331649104
186,116.9921,218.8225555419922,-10369.44167588965
187,121.2096,221.76174926757812,-10110.734722329313
188,124.2992,190.0265350341797,-4320.082570695305
189,129.5672,174.66055297851562,-2033.4104828450027
190,138.7376,125.71060180664062,-169.70268192978807
191,136.7019,228.8880157470703,-8498.279936532246
192,133.1854,226.399658203125,-8688.89793235886
193,139.515,231.775634765625,-8512.024727356054
194,143.4425,86.87433624267578,-3199.957150875449
195,145.0346,222.79049682617188,-6045.979491242284
196,146.667,186.6699981689453,-1600.239862504642
197,142.3203,202.55067443847656,-3627.6980049990907
198,135.7403,204.4202117919922,-4716.930283755829
199,132.9447,204.21142578125,-5078.9462035798815
200,130.2808,195.34600830078125,-4233.481331224053
201,123.7705,209.46705627441406,-7343.899757293817
202,113.8321,117.66726684570312,-14.708504734380481
203,119.0781,195.8599853515625,-5895.457918140487
204,119.8612,146.87132263183594,-729.5467245868161
205,114.1957,155.10403442382812,-1673.491825331761
206,114.1262,193.47349548339844,-6295.993300529743
207,120.0002,169.75564575195312,-2475.6043819755496
208,109.8568,186.30868530273438,-5844.890766342452
209,117.3076,222.4026641845703,-11044.972515958954
210,126.5892,193.22950744628906,-4440.930576535929
211,117.9489,33.977630615234375,-7051.174082088876
212,115.1909,154.36373901367188,-1534.5113163910535
213,122.4931,214.71737670898438,-8505.317214495319
214,111.3833,170.56747436523438,-3502.766495294465
215,106.2217,199.1043243408203,-8627.181904437946
216,109.7512,213.82029724121094,-10830.377000600618
217,108.6395,74.17369842529297,-1187.8914781870776
218,110.4258,138.0330047607422,-762.1577547015463
219,106.1107,202.22622680664062,-9238.194493318053
220,104.6665,165.93057250976562,-3753.2865804818202
221,98.9367,130.799072265625,-1015.2107663932691
222,93.0661,202.25926208496094,-11923.14664611255
223,102.7864,180.3336944580078,-6013.5828777569695
224,104.0682,159.66307067871094,-3090.7896457825927
225,109.987,185.96864318847656,-5773.210101620967
226,105.4496,171.87188720703125,-4411.920237813347
227,97.3283,162.325439453125,-4224.628137088978
228,96.0142,168.78729248046875,-5295.922989170857
229,87.8826,188.85414123535156,-10195.252139442302
230,79.8274,191.06378173828125,-12373.532622224631
231,81.7864,147.9146728515625,-4372.948470330698
232,86.4886,177.36184692382812,-8257.947006479037
233,86.5314,164.28297424316406,-6045.307297290253
234,88.5338,64.95551300048828,-555.9356178313433
235,83.5263,188.2012939453125,-10956.854357451208
236,83.8546,171.69749450683594,-7716.3741153391065
237,78.9069,191.16481018066406,-12601.838398130041
238,81.161,182.7008514404297,-10310.341430544531
239,72.2508,192.8562469482422,-14545.67383358526
240,71.0697,165.90328979492188,-8993.40975339151
241,61.2066,178.6171112060547,-13785.228141667092
242,58.0523,180.73135375976562,-15050.150231391464
243,62.5558,159.12876892089844,-9326.338326196814
244,55.7733,173.11550903320312,-13769.194020791936
245,43.2079,197.2901611328125,-23741.343195800222
246,39.9165,188.85137939453125,-22181.598300263573
247,37.1143,176.47274780273438,-19420.77697398744
248,45.2434,150.892333984375,-11161.697252034824
249,49.792,176.35533142089844,-16018.276860356178
250,34.7374,143.12677001953125,-11748.255533230858
251,38.051,122.00772094726562,-7048.730992217031
252,42.7853,165.4251708984375,-15040.537933985415
253,40.8033,170.87254333496094,-16918.008061729277
254,29.9713,93.62995147705078,-4052.4239078766195
255,21.8979,188.10743713378906,-27625.610234228407
256,33.1119,188.51902770996094,-24151.37534306011
257,41.7001,185.3280029296875,-20628.974499979737
258,46.869,31.072084426879883,-249.54254162428487
259,45.8133,115.14932250976562,-4807.484017474726
260,40.6261,56.374202728271484,-248.00273954019173
261,42.4613,130.65977478027344,-7778.970953566531
262,46.2364,156.86703491210938,-12239.137381056433
263,39.8488,109.87045288085938,-4903.031872167562
264,45.0243,179.98936462402344,-18215.56866896683
265,44.1493,172.9572296142578,-16591.482731511598
266,40.4417,173.5832061767578,-17726.66066701564
267,44.6837,127.37808990478516,-6838.362121724633
268,53.4146,163.57167053222656,-12134.580188241936
269,55.6413,159.01597595214844,-10686.323628211696
270,40.7169,156.99029541015625,-13519.502480206542
271,36.356,27.0483341217041,-86.63264410199379
272,27.2487,164.4907684326172,-18835.385347663185
273,25.4055,158.78012084960938,-17788.78948677706
274,23.2058,157.61502075195312,-18065.838623147265
275,13.2549,144.03622436523438,-17103.75480272465
276,11.9893,87.5235366821289,-5705.420911151868
277,7.8316,67.588623046875,-3570.9018034247497
278,14.6431,68.5840072631836,-2909.6214763753724
279,13.7667,43.689300537109375,-895.3620229034183
280,12.0956,150.74351501464844,-19223.24433790918
281,21.0819,150.7326202392578,-16809.309258558296
282,23.7856,148.14732360839844,-15465.838298851684
283,23.6991,142.29660034179688,-14065.36708732251
284,31.2387,139.9569549560547,-11819.65896068971
285,28.3881,142.58432006835938,-13040.776677901162
286,18.772,142.8627166748047,-15398.505964866652
287,12.6315,141.8402862548828,-16694.91044546
288,20.5936,90.79427337646484,-4928.1345425091
289,23.7271,22.258159637451172,-2.1577857887250826
290,17.1086,119.6738052368164,-10519.621325270273
291,16.5567,46.405818939208984,-890.9699014470445
292,15.5333,75.28495025634766,-3570.259708356891
293,13.5735,58.271018981933594,-1997.8682031403143
294,17.8181,127.13690948486328,-11950.602107187833
295,23.4117,18.378292083740234,-25.335195251466473
296,15.2363,82.26046752929688,-4492.239032995253
297,23.2815,47.170902252197266,-570.7035399672877
298,16.759,129.5654296875,-12725.29057884088
299,19.7948,108.97392272949219,-7952.915930801831
300,19.3971,126.03307342529297,-11371.230828359789
301,8.5234,110.92929077148438,-10486.96646470119
302,17.0802,62.75233459472656,-2085.9438784388185
303,20.8466,3.9145750999450684,-286.6934672160802
304,25.5942,14.698834419250488,-118.70899113818116
305,27.1109,36.88783645629883,-95.58848647050507
306,17.0955,104.12032318115234,-7573.319849710831
307,21.2903,108.08650207519531,-7533.580694678139
308,25.4306,31.370235443115234,-35.27926919711073
309,26.5567,8.527325630187988,-325.0583401668342
310,17.0793,64.99470520019531,-2295.8860554989037
311,21.3424,80.83283996582031,-3539.112447326871
312,34.9211,45.01353454589844,-101.85723506324415
313,32.2585,109.0135726928711,-5891.341184087926
314,33.5757,95.8707046508789,-3880.667604453025
315,35.4502,8.177850723266602,-743.7810350721409
316,38.8505,100.62870788574219,-3816.5469695739785
317,29.0331,105.6778564453125,-5874.418690561271
318,27.0987,80.24522399902344,-2824.553013178774
319,18.665,95.76644897460938,-5944.633433984294
320,18.2579,10.152466773986816,-65.69804778135847
321,19.3189,29.03460121154785,-94.3948500320724
322,19.3565,90.19577026367188,-5018.202211489547
323,19.1499,89.68609619140625,-4975.354973152554
324,7.887,9.156633377075195,-1.6119689121833662
325,8.5763,18.881683349609375,-106.20092598240615
326,2.43,61.82081985473633,-3527.269483017743
327,5.598,95.97361755371094,-8167.752248214625
328,0.0,95.81950378417969,-9181.377305446425
329,7.4268,30.58568572998047,-536.333988254293
330,19.0965,66.02937316894531,-2202.694583892307
331,20.4577,91.83049011230469,-5094.075168415097
332,19.579,88.933837890625,-4810.093538834873
333,18.3605,72.21805572509766,-2900.6363086819993
334,11.888,84.66053009033203,-5295.84113574828
335,19.2525,75.35045623779297,-3146.9806940573353
336,16.4416,27.18610191345215,-115.44432136817686
337,17.1477,11.9931001663208,-26.569899445365632
338,22.3708,6.117083549499512,-264.18329845327014
339,16.6095,61.526702880859375,-2017.555114640282
340,15.5353,72.352783203125,-3228.2263975373917
341,7.102,76.13685607910156,-4765.811353862266
342,3.8865,9.095849990844727,-27.137327327113955
343,0.0,5.37540864944458,-28.895018148523604
344,1.0442,17.77243995666504,-279.83401204776476
345,0.0,14.505367279052734,-210.40567990021373
346,0.0,9.984325408935547,-99.68675387151598
347,0.0,27.542701721191406,-758.60041810252
348,0.0,17.50578498840332,-306.45250806020704
349,0.0,18.420734405517578,-339.32345603861904
350,0.0,2.0906834602355957,-4.370957330902684
351,0.0,56.804386138916016,-3226.738284619074
352,0.0,69.04878997802734,-4767.735397429729
353,0.0,27.686084747314453,-766.519288635478
354,0.0,3.900475263595581,-15.213707281921018
355,0.0,10.757433891296387,-115.72238392561212
356,0.0,2.0955653190612793,-4.391394006452401
357,0.0,0.11597500741481781,-0.013450202344867046
358,0.0,0.2990416884422302,-0.08942593142637989
359,0.0,0.0,-0.0
360,0.0,0.11277500540018082,-0.012718201843010812
361,0.0,2.1581501960754395,-4.657612268820458
362,0.0,30.649518966674805,-939.3930128885586
363,0.0,40.29348373413086,-1623.5648314326681
364,0.0,28.76998519897461,-827.7120483492181
365,0.0,3.139166831970215,-9.854368398941915
1,0.0,2.5258166790008545,-6.379749895918906
2,0.0,12.364933967590332,-152.8915920228692
3,0.0,13.487167358398438,-181.9036833534483
4,0.0,8.306349754333496,-68.99544624131613
5,0.0,15.732434272766113,-247.50948814690582
6,0.0,43.104801177978516,-1858.023884593058
7,0.0,22.02861785888672,-485.2600047728629
8,0.0,32.86061096191406,-1079.8197527902666
9,0.0,21.37106704711914,-456.7225067324616
10,0.0,3.1306583881378174,-9.801021943217677
11,0.0,63.716896057128906,-4059.842843154969
12,0.0,66.33218383789062,-4399.958612703718
13,0.0,82.7583236694336,-6848.940136574733
14,0.0,29.55943489074707,-873.7601910603153
15,0.0,86.09256744384766,-7411.930169073457
16,0.0,37.50210189819336,-1406.407646782478
17,0.0,75.53555297851562,-5705.619763770141
18,0.0,5.94468355178833,-35.339262530902715
19,0.0,71.79693603515625,-5154.800024036318
20,0.0,44.181636810302734,-1952.0170312374976
21,0.0,22.918827056884766,-525.2726336633932
22,0.0,28.457368850708008,-809.8218419052464
23,0.0,50.84771728515625,-2585.4903531111777
24,0.0,27.748517990112305,-769.9802506475862
25,0.0,95.07051849365234,-9038.403486651892
26,0.0,43.43362045288086,-1886.4793856449105
27,0.0,100.02830505371094,-10005.661811918253
28,0.0,101.36282348632812,-10274.421985120513
29,0.0,109.0271224975586,-11886.913440097647
30,0.0,30.619768142700195,-937.5702011127178
31,0.0,46.544185638427734,-2166.3612167444226
32,0.0,0.101500004529953,-0.01030225091958048
33,0.0,4.070374965667725,-16.56795236113453
34,0.0,10.671767234802246,-113.88661591379878
35,0.0,3.348100185394287,-11.20977485143726
36,0.0,5.720250129699707,-32.721261546329515
37,0.0,11.99315071105957,-143.83566397818868
38,0.0,22.711633682250977,-515.818304516757
39,0.0,0.09774167090654373,-0.009553434231603097
40,0.0,3.5565335750579834,-12.64893107051472
41,0.0,19.473217010498047,-379.2061807379505
42,0.0,32.337650299072266,-1045.7236268650886
43,0.0,9.57402515411377,-91.66195765160319
44,0.0,34.245826721191406,-1172.7766478178673
45,0.0,5.7953667640686035,-33.586275930071
46,0.0,3.4843084812164307,-12.14040559227675
47,0.0,4.175041675567627,-17.430972992726538
48,0.0,0.0,-0.0
49,0.0,27.702468872070312,-767.4267816080246
50,0.0,100.21600341796875,-10043.247341070324
51,0.0,13.533717155456543,-183.16150004389874
52,0.0,137.27467346191406,-18844.335974075133
53,0.0,108.46210479736328,-11764.028177074215
54,0.0,138.2063751220703,-19101.002124382416
55,0.0,93.48467254638672,-8739.38400110515
56,0.0,89.41755676269531,-7995.499457409838
57,0.0,151.9454345703125,-23087.415086761117
58,0.0,152.3356475830078,-23206.149524534354
59,0.0,118.25025177001953,-13983.122043673007
60,0.0,49.027618408203125,-2403.707366780378
61,0.0,12.09220027923584,-146.22130759315132
62,0.0,56.803653717041016,-3226.6550756055076
63,0.0,137.0970916748047,-18795.6125456898
64,0.0,42.989051818847656,-1848.058576283569
65,0.0,125.37300872802734,-15718.39131751802
66,0.0,114.64871215820312,-13144.327199534513
67,0.0,56.511104583740234,-3193.5049412744265
68,0.0,145.3275909423828,-21120.108689116547
69,0.0,145.24343872070312,-21095.656491414644
70,0.0,73.87774658203125,-5457.92144003883
71,0.0,145.40818786621094,-21143.541098535294
72,0.0,160.2246551513672,-25671.940118374536
73,0.0,143.67076110839844,-20641.287597466493
74,0.0,133.9740447998047,-17949.044680020073
75,0.0,155.53257751464844,-24190.382668350125
76,0.0,167.70726013183594,-28125.725100927288
77,0.0,90.23332977294922,-8142.053801913804
78,0.0,30.953235626220703,-958.1027957323386
79,0.0,160.88009643554688,-25882.405429110862
80,0.0,134.56809997558594,-18108.573531039292
81,0.0,144.50531005859375,-20881.784635130316
82,0.0,181.15191650390625,-32816.01685303822
83,0.0,118.57254791259766,-14059.449118485267
84,0.0,161.5669403076172,-26103.876200365135
85,0.0,149.14230346679688,-22243.42668338213
86,0.0,15.897171974182129,-252.72007677672173
87,0.0,61.58244323730469,-3792.397315075854
88,0.0,143.79391479492188,-20676.689932049252
89,0.0,181.8236846923828,-33059.852315115044
90,0.0,108.53028869628906,-11778.82356449985
91,0.0,151.16441345214844,-22850.679894332075
92,0.0,95.7191390991211,-9162.153589876893
93,0.0,35.38285827636719,-1251.946659805486
94,0.0,63.43207550048828,-4023.6282022996456
95,0.0,185.66567993164062,-34471.74470447842
96,0.0,125.43211364746094,-15733.215134069556
97,0.0,137.1859130859375,-18819.974749222398
98,0.0,198.86781311035156,-39548.40709129372
99,0.0,198.29615783691406,-39321.366212882334
100,0.0,130.34786987304688,-16990.56718044076
101,0.0,196.6381378173828,-38666.55724428804
102,0.0,143.85838317871094,-20695.234410792822
103,0.0,11.121977806091309,-123.69839031918764
104,0.0,56.05670166015625,-3142.3538010157645
105,0.0,215.71249389648438,-46531.88002304081
106,0.0,185.2020263671875,-34299.790570512414
107,0.0,149.4778289794922,-22343.621356422314
108,0.0,206.826904296875,-42777.36834102869
109,0.0,192.00143432617188,-36864.55078330729
110,0.0,179.21530151367188,-32118.12429663632
111,0.0,62.688751220703125,-3929.8795296112075
112,0.0,217.95852661132812,-47505.91932258103
113,0.0,57.725337982177734,-3332.2146451566514
114,0.0,35.23868179321289,-1241.7646945233137
115,0.0,212.8697967529297,-45313.550369633595
116,0.0,204.4224853515625,-41788.552517309785
117,0.0,143.8312530517578,-20687.42935443879
118,0.0,46.408634185791016,-2153.7613269905705
119,7.1515,53.20591735839844,-2121.0093582215513
120,0.0,78.34820556640625,-6138.441315475851
121,0.0373,65.79591369628906,-4324.195275257775
122,3.6988,148.64337158203125,-21008.92883109858
123,2.3535,206.17066955566406,-41541.43860568231
124,0.7736,173.8773956298828,-29964.92406147224
125,0.0,211.8925323486328,-44898.4452651164
126,0.0,202.24253845214844,-40902.04435956874
127,7.519,167.71731567382812,-25663.500344731485
128,0.0,75.23883819580078,-5660.882773053891
129,0.0,140.29588317871094,-19682.934836894507
130,0.0,183.77845764160156,-33774.52149312594
131,9.4711,59.761985778808594,-2529.1731924171727
132,9.7973,74.30393981933594,-4161.106580781536
133,15.0867,75.10476684570312,-3602.1683478952887
134,13.16,129.514892578125,-13538.46102686701
135,18.6898,113.06797790527344,-8907.240464719442
136,9.9194,123.74117279052734,-12955.395961178432
137,12.0652,222.78306579589844,-44402.01896557826
138,8.0431,230.09095764160156,-49305.251083224946
139,19.3665,132.8343963623047,-12874.963504886717
140,15.8641,159.4062042236328,-20604.335684948262
141,15.0458,219.16650390625,-41665.26176318299
142,18.2835,149.1913299560547,-17136.859943803327
143,23.2927,223.8644561767578,-40229.02937582879
144,24.2374,153.01602172851562,-16583.933414296116
145,22.4761,110.33776092529297,-7719.671460551152
146,23.625,139.24609375,-13368.237319946289
147,23.0296,189.04727172851562,-27561.86732615718
148,18.2799,162.11831665039062,-20689.49010449137
149,9.8935,222.85284423828125,-45351.68229839878
150,13.9164,194.45672607421875,-32594.809338985226
151,8.2264,191.7853546142578,-33693.88981907915
152,5.2903,178.0411834716797,-29842.867740245852
153,4.539,189.34286499023438,-34152.46851532878
154,14.4108,185.74281311035156,-29354.658716445683
155,17.3389,85.30278015136719,-4619.0890052294035
156,13.535,202.79241943359375,-35818.37081066323
157,11.3089,211.45883178710938,-40059.99519438454
158,19.7141,74.63832092285156,-3016.6700439822052
159,30.8149,96.84664916992188,-4360.191898439479
160,34.8318,213.84962463378906,-32047.38153661406
161,47.5165,55.01987075805664,-56.30057273285948
162,46.3645,201.60398864746094,-24099.298835525155
163,54.5486,181.98956298828125,-16241.199047380473
164,55.6095,235.1807098388672,-32245.81940299447
165,44.8111,236.75405883789062,-36842.09944744417
166,47.6892,190.80062866210938,-20480.88101371002
167,42.0168,167.68887329101562,-15793.470005262401
168,42.2055,183.06883239746094,-19842.47841411757
169,38.8071,124.50281524658203,-7343.755611623274
170,34.7161,94.26405334472656,-3545.9587475457315
171,33.8614,225.8208770751953,-36848.44083898243
172,44.6203,140.93759155273438,-9277.020652054436
173,44.1339,83.36964416503906,-1539.443620184397
174,42.9428,101.02311706542969,-3373.323230420843
175,55.5002,209.002197265625,-23562.863164535942
176,44.7894,217.3573455810547,-29779.695842065852
177,50.6635,100.73789978027344,-2507.4455133546485
178,49.2837,125.46404266357422,-5803.444608339585
179,54.0903,147.34600830078125,-8696.627130680401
180,48.9648,162.50738525390625,-12891.91866614057
181,46.0317,89.26370239257812,-1869.0060308718807
182,53.9112,205.3351593017578,-22929.215450620402
183,58.1159,69.03931427001953,-119.32097931446626
184,64.2254,193.05801391601562,-16597.84240843315
185,69.818,231.44947814941406,-26124.73472876452
186,70.7841,33.590179443359375,-1383.3877263736938
187,75.0633,178.10794067382812,-10618.197971598354
188,72.6363,214.65017700195312,-20167.94126112587
189,76.0035,206.50518798828125,-17030.69056779071
190,65.1007,206.7921600341797,-20076.469846617536
191,63.0431,222.26243591308594,-25350.796928604093
192,57.2349,120.52058410644531,-4005.0778128207844
193,62.4029,134.58786010742188,-5210.668465710087
194,53.7028,195.88027954101562,-20214.435688635916
195,46.064,214.8135986328125,-28476.427038735317
196,47.4615,133.4960174560547,-7401.938193896179
197,49.8846,193.14698791503906,-20524.11179111913
198,50.3145,196.74261474609375,-21441.192788095195
199,53.0135,192.82876586914062,-19548.30857005848
200,54.7937,198.58265686035156,-20675.264114988044
201,48.4673,184.5057830810547,-18506.468878994405
202,40.9109,209.62181091308594,-28463.37146112322
203,45.3296,162.01315307617188,-13615.05155847982
204,39.3866,215.15391540527344,-30894.149164776878
205,38.069,195.5018310546875,-24785.09629389377
206,44.9728,124.59661865234375,-6339.952496781323
207,57.0534,124.04415893554688,-4487.761782760552
208,50.8172,203.91531372070312,-23439.032424837344
209,51.5219,198.256103515625,-21530.92648136485
210,51.4358,202.2478485107422,-22744.273976006454
211,59.5267,194.04261779785156,-18094.53214099836
212,58.7261,198.18336486816406,-19448.328724509265
213,58.6119,179.20188903808594,-14541.945456205689
214,59.5705,182.4972381591797,-15110.982954455521
215,53.3995,165.13473510742188,-12484.76276451084
216,44.6425,163.43011474609375,-14110.49741706639
217,48.4475,74.20779418945312,-663.5927567271725
218,47.947,80.95891571044922,-1089.7865788738038
219,36.9342,78.73421478271484,-1747.2412358351796
220,34.7321,157.1244354248047,-14979.883770737899
221,42.6349,198.57080078125,-24316.00515245984
222,47.2409,160.44264221191406,-12814.634439812644
223,39.2883,118.04297637939453,-6202.299051623164
224,39.4992,194.45005798339844,-24009.768389791312
225,47.975,197.96011352539062,-22495.534279224317
226,35.8099,186.90306091308594,-22829.14327470768
227,42.6645,85.13561248779297,-1803.795395950764
228,37.5411,76.56465148925781,-1522.8375708347555
229,44.4051,157.1118927001953,-12702.821120764798
230,42.4438,141.70993041992188,-9853.764648544937
231,35.3943,187.89813232421875,-23257.41887357343
232,31.8864,53.0306282043457,-447.0783863574484
233,40.1976,57.64344787597656,-304.3576081117159
234,42.869,123.33377838134766,-6474.580559959393
235,46.4587,71.62644958496094,-633.4156191713014
236,41.1982,182.90086364746094,-20079.64488478545
237,42.001,154.45880126953125,-12646.757066377384
238,41.8443,178.01220703125,-18541.698905271143
239,41.8408,97.74910736083984,-3125.7388319541383
240,51.4128,30.907730102539062,-420.4578914997586
241,44.484,164.10910034179688,-14310.164631784968
242,39.0601,144.97059631347656,-11217.03322936693
243,35.1751,182.31719970703125,-21650.79750619393
244,34.563,168.5404510498047,-17949.957389802814
245,32.4239,182.1130828857422,-22406.85147300117
246,21.4505,187.38624572753906,-27534.671710154496
247,22.3919,158.1715850830078,-18436.122881240775
248,24.3144,106.54513549804688,-6761.893860549745
249,21.5352,194.8711700439453,-30045.358511075505
250,21.7735,187.46095275878906,-27452.33200169595
251,22.993,128.14317321777344,-11056.55892772776
252,36.5815,87.32928466796875,-2575.3376487065243
253,25.7924,82.87574005126953,-3258.507711408872
254,29.1276,118.19535827636719,-7933.065564377375
255,20.0635,46.4494743347168,-696.2196415923335
256,20.9075,191.67190551757812,-29160.482191771865
257,24.4139,172.80531311035156,-22020.011484887014
258,21.6585,122.65428161621094,-10200.14790426937
259,17.1455,182.9919891357422,-27505.05795865185
260,15.5782,124.85681915283203,-11941.816603949708
261,16.2013,174.2850341796875,-24990.467012194098
262,22.5759,167.7344207763672,-21070.996153983026
263,21.8386,86.86038970947266,-4227.833137022884
264,23.5756,106.33820343017578,-6849.648526540543
265,17.8769,173.25808715820312,-24143.313322692546
266,16.197,146.17135620117188,-16893.333269909104
267,7.4838,64.56248474121094,-3257.976251786546
268,7.4481,146.21258544921875,-19255.58242198644
269,1.3164,142.1144561767578,-19824.092623153454
270,1.6763,153.11984252929688,-22935.146573822953
271,0.0,148.29632568359375,-21991.800211254507
272,0.0,141.10215759277344,-19909.81887733587
273,0.0,90.5294418334961,-8195.579838684353
274,0.0,51.49073028564453,-2651.295305348991
275,0.0,23.818218231201172,-567.3075197091239
276,0.0,75.241943359375,-5661.350040495396
277,0.0,122.90805053710938,-15106.388886832632
278,0.0,90.11954498291016,-8121.532387926767
279,3.6385,137.74208068847656,-17983.770353470747
280,5.6555,135.1929473876953,-16779.950275719933
281,0.0,151.4808349609375,-22946.443360462785
282,0.0,108.9998779296875,-11880.973388686776
283,0.0,97.23727416992188,-9455.087487996556
284,0.0,145.22048950195312,-21088.990571186878
285,0.0,32.408348083496094,-1050.301025501045
286,0.0,10.914819717407227,-119.13328946350157
287,0.0,12.02773380279541,-144.66638043090734
288,0.0,128.2654571533203,-16452.02749875025
289,0.0,139.88365173339844,-19567.436022270704
290,0.0,44.40303421020508,-1971.6294470726425
291,0.0,50.67082214355469,-2567.532216703752
292,0.0,109.33648681640625,-11954.467349354178
293,0.0,133.59690856933594,-17848.133979283506
294,0.0,133.2974853515625,-17768.21960105002
295,0.0,130.3080596923828,-16980.190420793602
296,0.0,19.218421936035156,-369.3477417114773
297,0.0,41.471153259277344,-1719.8565526544699
298,0.0,122.52325439453125,-15011.947867427021
299,0.0,110.86387634277344,-12290.79907774576
300,0.0,101.29823303222656,-10261.332015451277
301,2.6978,100.04944610595703,-9477.342999539498
302,3.9719,118.59297180175781,-13137.99010098372
303,7.7901,64.52738189697266,-3219.1191570565406
304,10.0599,116.95193481445312,-11425.907106774259
305,1.6525,116.08033752441406,-13093.730000513702
306,2.3403,45.63561248779297,-1874.4840834156419
307,0.0,69.0456314086914,-4767.299216624873
308,1.5697,57.544578552246094,-3133.1870289387
309,7.4076,41.673824310302734,-1174.174128483982
310,7.2355,74.1231460571289,-4473.957195063752
311,1.9667,69.60101318359375,-4574.400319816443
312,3.438,88.11846923828125,-7170.781870415497
313,0.0,61.30698776245117,-3758.5467485053377
314,0.0,79.86640167236328,-6378.642116091272
315,0.0,22.67542839050293,-514.1750526928263
316,0.0,30.384565353393555,-923.221811714644
317,0.0,24.37339973449707,-594.0626146175819
318,0.0,97.9312744140625,-9590.534508362412
319,0.0,30.925830841064453,-956.4070132101333
320,0.0,1.6132073402404785,-2.602437922605759
321,0.0,32.541297912597656,-1058.9360698364326
322,0.0,69.18885803222656,-4787.098075803602
323,0.0,31.9064998626709,-1018.0247334866181
324,0.0,91.95113372802734,-8455.010993869568
325,0.0,89.48979949951172,-8008.424214462808
326,0.0,10.788775444030762,-116.39767558172116
327,0.0,3.2223012447357178,-10.383225311825356
328,0.0,1.4298408031463623,-2.0444447223422344
329,0.0,64.56340026855469,-4168.4326542376075
330,0.0,31.37775421142578,-984.5634593526484
331,0.0,66.58670806884766,-4433.789691445942
332,1.2901,55.15519332885742,-2901.44827932652
333,16.9839,59.17011260986328,-1779.676534364588
334,10.3698,62.63456726074219,-2731.6058968195484
335,17.189,51.76178741455078,-1195.2776296117208
336,20.1548,49.99790954589844,-890.6111873684944
337,12.8229,83.25975036621094,-4961.349889511989
338,6.2439,22.743942260742188,-272.25139460627815
339,4.5345,18.465139389038086,-194.06271378741937
340,6.4199,77.74060821533203,-5086.64342033653
341,3.7672,34.168724060058594,-924.2526651743216
342,7.2062,5.335608959197998,-3.499110841928717
343,16.3054,56.52981185913086,-1618.0033094129874
344,21.4958,12.433588027954102,-82.12368582629199
345,29.6739,54.67535400390625,-625.0727023094398
346,38.0463,13.98411750793457,-578.9886262814603
347,45.7935,19.65912437438965,-683.0055893404965
348,57.7384,11.278255462646484,-2158.5450304317797
349,58.9316,4.183494567871094,-2997.355048407503
350,55.5648,19.53301239013672,-1298.289718362297
351,60.8897,77.71249389648438,-283.00639448359203
352,56.9387,18.740842819213867,-1459.0762932037346
353,53.5521,51.445682525634766,-4.436994576311225
354,55.1628,6.347619533538818,-2382.921843973173
355,45.6516,9.825340270996094,-1283.520886170047
356,48.9983,6.854704856872559,-1776.082611587835
357,54.7575,8.089414596557617,-2177.910195222992
358,52.7106,5.362631797790527,-2241.8300928774393
359,49.8809,66.34313201904297,-271.00508304880367
360,40.8952,25.014177322387695,-252.2068812868364
361,23.7111,19.472620010375977,-17.964712622443248
362,29.0464,81.24110412597656,-2724.287138798235
363,21.1283,39.069732666015625,-321.8950061091726
364,15.2769,75.45246124267578,-3621.0981708710237
365,8.9097,81.95105743408203,-5335.03989581333
1,9.0766,74.80083465576172,-4319.67502108563
2,8.8213,49.041725158691406,-1617.6825999458965
3,0.0,10.404571533203125,-108.25510878954083
4,0.0,35.95831298828125,-1293.000272963196
5,0.0,17.636959075927734,-311.0623254459497
6,0.0,0.0,-0.0
7,0.0,2.7570533752441406,-7.601343313945108
8,0.0,0.5402690768241882,-0.2918906753724606
9,0.0,34.442115783691406,-1186.2593396572047
10,0.0,29.392179489135742,-863.9002151215718
11,0.0,61.87899398803711,-3829.0098969715327
12,0.0,85.04536437988281,-7232.71400250704
13,0.0,85.74495697021484,-7352.197645823995
14,0.0,34.098751068115234,-1162.7248244052898
15,0.0,86.96466827392578,-7562.853527993953
16,0.0,88.71607208251953,-7870.541445750801
17,0.0,25.754228591918945,-663.2802903648153
18,0.0,93.37246704101562,-8718.41760132555
19,0.0,50.06448745727539,-2506.452904359685
20,0.0,37.72770690917969,-1423.3798686249647
21,0.0,8.373539924621582,-70.11617086923161
22,0.0,20.808923721313477,-433.0113064394427
23,0.0,82.2007064819336,-6756.9561461289995
24,0.0,92.72846984863281,-8598.569120468805
25,0.0,8.958185195922852,-80.24908200445134
26,0.0,11.339790344238281,-128.59084505127976
27,0.0,23.119653701782227,-534.5183872903326
28,0.0,79.44557189941406,-6311.598894424969
29,1.8264,15.957137107849121,-199.67773121114416
30,0.0,105.97596740722656,-11230.905667897547
31,0.0,17.93951416015625,-321.8261683024466
32,0.0,0.0,-0.0
33,0.0,0.3244691789150238,-0.10528024806578973
34,0.0,0.045706167817115784,-0.0020890537765263506
35,0.0,0.0,-0.0
36,0.0,0.6524614095687866,-0.4257058909764879
37,0.0,1.1683629751205444,-1.36507204163253
38,0.0,11.769119262695312,-138.51216821954586
39,0.0,63.52549362182617,-4035.4883398966776
40,0.0,43.77605056762695,-1916.342603299432
41,0.0,77.7658920288086,-6047.533963036316
42,0.0,83.45127868652344,-6964.115914415801
43,0.0,121.7642822265625,-14826.540426149964
44,0.0,95.84613800048828,-9186.482169608644
45,0.0,123.33329772949219,-15211.102328831563
46,0.0,44.26817321777344,-1959.6711600387935
47,0.0,88.86954498291016,-7897.796025469492
48,0.0,99.54480743408203,-9909.168687088473
49,0.0,100.18695068359375,-10037.425087276846
50,0.0,133.3048553466797,-17770.184458999196
51,0.0,95.6570053100586,-9150.262664888578
52,0.0,29.656566619873047,-879.5119436789682
53,0.0,128.63009643554688,-16545.70170901809
54,0.0,141.9908905029297,-20161.412985814968
55,0.0,97.81647491455078,-9568.062764708942
56,0.0,23.51459503173828,-552.9361795066507
57,0.0,15.324455261230469,-234.8389290534542
58,1.6734,30.009864807128906,-802.9552377656549
59,5.1506,47.099388122558594,-1759.7008249513133
60,7.1444,66.56690216064453,-3531.0337630318045
61,10.628,91.6109390258789,-6558.236413269221
62,16.7254,20.793354034423828,-16.548250026185094
63,13.9776,135.6484375,-14803.792697951407
64,11.7991,151.7112579345703,-19575.411937908142
65,6.1901,152.47853088378906,-21400.30501044113
66,2.849,155.8008575439453,-23394.270726143342
67,5.2011,116.32930755615234,-12349.478514643275
68,0.0,154.67221069335938,-23923.492760770954
69,4.4077,133.97702026367188,-16788.20875358997
70,8.0597,160.37252807617188,-23199.197596561495
71,7.7821,155.0895233154297,-21699.476963831195
72,3.8169,125.86405944824219,-14895.50912938465
73,4.9988,153.97113037109375,-22192.755216194306
74,0.0,105.08326721191406,-11042.493047930533
75,0.0067,141.1311798095703,-19916.11880152182
76,0.0,150.65223693847656,-22696.096494566882
77,5.0619,81.98554992675781,-5917.247918054388
78,0.0,34.178077697753906,-1168.140995113703
79,0.261,167.34764099121094,-27917.94559772581
80,11.443,171.1393280029297,-25502.9171776193
81,10.5048,115.17671966552734,-10956.21076646661
82,9.8089,47.6876335144043,-1434.7984526552552
83,19.5534,52.03082275390625,-1054.7829887359476
84,24.918,73.84395599365234,-2393.7491698928056
85,19.2617,187.37310791015625,-28261.44546953495
86,15.643,188.82040405273438,-29990.41327444402
87,29.8456,189.09632873535156,-25360.79460274053
88,18.5876,96.56297302246094,-6080.1587979919295
89,18.337,182.81417846679688,-27052.742236398553
90,22.6515,187.65283203125,-27225.43957208681
91,22.3255,184.7783660888672,-26390.933700487414
92,28.8078,147.77207946777344,-14152.499789286501
93,34.8826,141.92654418945312,-11458.405987634756
94,37.2784,192.6519775390625,-24140.948597287064
95,37.0799,190.1714324951172,-23437.01732170352
96,40.3267,61.105899810791016,-431.77514477677727
97,34.475,36.33031463623047,-3.4421923994109913
98,33.6957,48.27117156982422,-212.444371482754
99,39.9994,92.39312744140625,-2745.1026752043663
100,34.2331,206.02020263671875,-29510.808632318538
101,39.0073,199.35899353027344,-25712.665618026742
102,40.8562,91.40587615966797,-2555.269759847304
103,35.535,154.46556091308594,-14144.478319101245
104,34.3905,170.53933715820312,-18536.505859530913
105,37.7387,159.29263305664062,-14775.358641538272
106,34.8021,186.5215301513672,-23018.785485455588
107,42.0702,174.48069763183594,-17532.539883110432
108,36.0205,118.90879821777344,-6870.469981438543
109,20.0051,105.28328704833984,-7272.369186251638
110,20.1152,97.11091613769531,-5928.340303556554
111,21.962,194.11489868164062,-29636.620524491227
112,33.494,222.2288818359375,-35620.85562162529
113,37.7552,216.51840209960938,-31956.282424905785
114,39.6693,35.93288803100586,-13.96077440204267
115,33.6712,41.53156661987305,-61.78536339881445
116,39.3746,220.27037048339844,-32723.27977878237
117,32.1328,218.46022033691406,-34717.90756940906
118,33.567,212.00546264648438,-31840.2849516408
119,28.8589,192.20889282226562,-26683.22015503423
120,38.799,214.61973571777344,-30912.93110833913
121,25.1379,150.44577026367188,-15702.062350017222
122,24.2071,140.9427032470703,-13627.201065457413
123,17.6969,124.96658325195312,-11506.784944974353
124,11.9713,121.97907257080078,-12101.710025989029
125,14.4828,122.06693267822266,-11574.345604125416
126,14.2422,164.97401428222656,-22720.07983681164
127,17.9106,156.75396728515625,-19277.4806390808
128,10.3268,84.2370376586914,-5462.723230764244
129,12.67,165.50631713867188,-23358.93983651269
130,8.7259,57.710693359375,-2399.5099804606693
131,4.5998,117.4522705078125,-12735.68009971669
132,5.2101,210.77444458007812,-42256.69976263709
133,0.0,222.6924285888672,-49591.91775080771
134,0.0,40.71647644042969,-1657.8314537240658
135,4.3659,161.67422485351562,-24745.9090682192
136,11.1892,143.9318389892578,-17620.60820583243
137,16.7388,151.80882263183594,-18243.91101376467
138,24.0291,240.2349090576172,-46744.951870258825
139,32.829,180.05474853515625,-21675.42103173706
140,23.9393,52.07719421386719,-791.7410907907806
141,23.5322,233.33905029296875,-44018.9144298562
142,30.4083,193.72109985351562,-26671.070595994453
143,35.2627,194.5027313232422,-25357.387575827153
144,47.7087,52.62872314453125,-24.206627742723168
145,48.4892,186.9815673828125,-19180.135823295914
146,52.7626,122.54435729980469,-4869.493651848846
147,56.0199,202.06321716308594,-21328.65048799771
148,57.8561,208.38816833496094,-22659.90359720135
149,67.959,139.60357666015625,-5132.945364813006
150,58.8466,61.29846954345703,-6.01166425813218
151,59.172,240.69357299804688,-32950.08146368526
152,58.0466,234.64617919921875,-31187.411373341132
153,56.449,212.45970153808594,-24339.338994405727
154,56.2389,166.13375854492188,-12076.879934608389
155,59.9622,188.3922882080078,-16494.28755711667
156,60.1455,199.7606201171875,-19492.381765336693
157,69.8712,175.6814422607422,-11195.807367276951
158,76.3034,129.5398406982422,-2834.1186182174574
159,87.9151,202.47401428222656,-13123.744841522534
160,93.0166,225.09375,-17444.373552122506
161,82.393,192.73483276367188,-12175.320057646131
162,79.485,69.85966491699219,-92.647075460181
163,82.9693,55.0872688293457,-777.4076622013381
164,85.3392,74.92546081542969,-108.44596380425527
165,89.6745,160.93429565429688,-5077.958476692149
166,98.1294,100.04750061035156,-3.6791099514310215
167,106.7585,225.80567932128906,-14172.230904355154
168,108.6565,137.6342010498047,-839.707158131852
169,111.7864,196.6365203857422,-7199.542929474942
170,114.484,236.95877075195312,-15000.069470743474
171,110.2586,157.53160095214844,-2234.7366190218268
172,124.0542,143.15414428710938,-364.80787177068225
173,126.8252,32.412471771240234,-8913.763251597651
174,124.135,221.92384338378906,-9562.657890339226
175,136.5314,66.15054321289062,-4953.465002087599
176,137.388,124.60118865966797,-163.50254425324397
177,146.9545,67.66680145263672,-6286.5391409375525
178,146.4255,209.2019500732422,-3940.882683798269
179,143.6201,78.27741241455078,-4269.666820889621
180,139.891,193.71856689453125,-2897.4069577852374
181,129.9018,176.40682983398438,-2162.717799859776
182,125.9675,158.61453247070312,-1065.828729143144
183,126.7561,170.0271759033203,-1872.3860098309076
184,123.8198,204.53126525878906,-6514.340624220714
185,123.3667,187.77371215820312,-4148.263215146926
186,127.8588,190.254638671875,-3893.2406835666516
187,132.3344,66.530029296875,-4330.215203634294
188,133.1144,170.12904357910156,-1370.0838392879252
189,123.7989,108.68467712402344,-228.43973314469332
190,130.2604,180.97935485839844,-2572.412381928258
191,130.2555,206.3752899169922,-5794.222417007024
192,128.4156,92.51385498046875,-1288.9352954474377
193,126.3937,181.25177001953125,-3009.407846267794
194,126.3064,169.99130249023438,-1908.3707055812858
195,126.9991,174.11953735351562,-2220.3356163865906
196,127.2323,144.77908325195312,-307.88960249102286
197,124.4212,66.14115905761719,-3396.563172245817
198,128.0728,210.2273712158203,-6749.373571655291
199,118.8011,174.27554321289062,-3077.413849780226
200,117.6571,156.9254608154297,-1542.0041611307738
201,123.2205,124.10408782958984,-0.7807274525992886
202,129.7788,222.88250732421875,-8668.300317513786
203,132.3945,170.66934204101562,-1464.9635332646976
204,126.4617,215.34417724609375,-7900.094761402374
205,133.5541,99.13957214355469,-1184.3597275820507
206,132.6274,171.3495635986328,-1499.4059537592846
207,135.8046,142.5279083251953,-45.202874835640685
208,142.171,127.74998474121094,-207.96568109422674
209,135.1679,88.8182373046875,-2148.2912319692437
210,129.4961,223.77369689941406,-8888.265277128407
211,127.0541,222.11477661132812,-9036.532237803505
212,135.6923,220.17575073242188,-7137.453447657556
213,135.5467,200.24563598632812,-4185.952317762986
214,131.6112,206.64593505859375,-5630.2114653133585
215,121.3655,216.66635131835938,-9082.25226200404
216,125.7468,154.0409393310547,-800.5583204851362
217,121.0195,142.09983825683594,-444.3806610226211
218,117.0209,185.156494140625,-4642.459188895972
219,122.0896,144.14071655273438,-486.25174122227577
220,126.2927,74.88224792480469,-2643.0345825759537
221,118.3499,73.36045837402344,-2024.0498578171532
222,122.6687,182.0948944091797,-3531.472581957619
223,125.9031,183.86317443847656,-3359.370228913745
224,124.2216,206.73643493652344,-6808.697984601709
225,121.5547,186.99305725097656,-4282.178599706437
226,124.4767,178.07318115234375,-2872.5827919135395
227,116.872,188.593505859375,-5143.974402736362
228,110.8973,196.68214416503906,-7359.039488420036
229,107.1656,117.93806457519531,-116.04599302383798
230,105.0027,56.130828857421875,-2388.459788976761
231,108.33,65.01886749267578,-1875.8541990669964
232,107.8887,214.57476806640625,-11381.917119469867
233,108.1431,205.32965087890625,-9445.225671738232
234,107.1052,157.19183349609375,-2508.6708549720206
235,110.6377,209.38999938964844,-9752.01663474276
236,96.2256,209.66946411132812,-12869.510304509482
237,99.5615,208.20228576660156,-11802.820331984618
238,101.2094,192.22525024414062,-8283.884995663833
239,97.9234,132.17173767089844,-1172.948633219881
240,100.8293,41.04323196411133,-3574.3739311919094
241,104.8839,54.12297439575195,-2576.6715682000045
242,113.1009,97.11995697021484,-255.39054012123864
243,115.8093,158.0501708984375,-1784.2911742584647
244,114.994,166.87603759765625,-2691.745825284617
245,106.6946,126.96605682373047,-410.9319617563688
246,112.1657,174.58551025390625,-3896.23271213366
247,104.7928,176.351318359375,-5120.621549789009
248,96.0474,160.7711639404297,-4189.165618616466
249,100.1727,171.13792419433594,-5036.063044952361
250,91.9704,171.35511779785156,-6301.933419844531
251,83.2274,101.85210418701172,-346.87960605369176
252,72.0056,185.19276428222656,-12811.334158251744
253,61.937,155.6344451904297,-8779.211235213575
254,63.3558,171.680419921875,-11734.223281218678
255,70.3109,181.00762939453125,-12253.765898646077
256,74.411,186.66932678222656,-12601.931931945166
257,79.0313,174.0964813232422,-9037.388700020914
258,79.9922,167.62188720703125,-7678.962080002137
259,74.0543,160.23062133789062,-7426.358359331383
260,79.6596,60.643714904785156,-361.60388595441395
261,80.1515,15.606425285339355,-4166.066669921125
262,73.0558,181.4071502685547,-11740.015105019025
263,74.7132,175.28298950195312,-10114.282560467162
264,97.5264,172.95851135253906,-5690.0034231018535
265,101.0445,103.6180419921875,-6.623118385552409
266,98.6338,150.4761505126953,-2687.6293066811604
267,100.0145,112.46305847167969,-154.96660802282815
268,101.4449,103.9320068359375,-6.185700413367022
269,113.5389,157.57354736328125,-1939.0501684085325
270,113.0556,114.74293518066406,-2.84710001190663
271,106.156,134.47732543945312,-802.0974746474144
272,113.3872,96.06966400146484,-299.8970530605613
273,107.202,167.2435302734375,-3604.985357576112
274,106.1909,158.85723876953125,-2773.7432393870304
275,107.2752,164.2294158935547,-3243.7827080496377
276,116.0558,161.8559112548828,-2097.6501909596427
277,120.1073,58.305381774902344,-3819.477096301657
278,122.879,58.807395935058594,-4105.170447454617
279,113.1033,100.85289764404297,-150.07235788283768
280,113.4402,130.92236328125,-305.6260329922856
281,111.8863,112.2968521118164,-0.1685530365169063
282,120.4598,84.3760986328125,-1302.0335043563691
283,129.4832,136.8363037109375,-54.06813418380268
284,118.7949,138.85723876953125,-402.4974369034367
285,125.5389,128.4832763671875,-8.669352191652271
286,122.0629,139.7675018310547,-313.452925996185
287,127.1313,136.40469360351562,-85.99582892572458
288,125.7488,132.00315856933594,-39.11700111382584
289,138.1896,122.54563903808594,-244.73351457789155
290,128.2173,132.99502563476562,-22.826662241096646
291,123.4313,129.4786376953125,-36.570293201147585
292,127.728,89.8171157836914,-1437.2351420623556
293,116.2344,50.52832794189453,-4317.287905304947
294,112.5067,59.6064338684082,-2798.438156793238
295,108.6827,98.30467987060547,-107.70330180611802
296,103.0334,15.574050903320312,-7649.137744414886
297,93.5558,26.824674606323242,-4453.043096306612
298,95.258,125.79846954345703,-932.7202799348267
299,92.2474,91.9170913696289,-0.10910379129762715
300,93.4884,16.004955291748047,-6003.684203856737
301,95.7029,15.848684310913086,-6376.695763319214
302,91.505,25.875001907348633,-4307.296649641422
303,93.8751,68.03341674804688,-667.7925932942749
304,96.1,15.107234001159668,-6559.828144142905
305,92.6619,116.61802673339844,-573.8960080666471
306,106.5504,115.00908660888672,-71.54937914735956
307,108.4866,113.8314208984375,-28.56711043637429
308,114.4045,90.0106201171875,-595.0613757370843
309,111.0228,43.0340461730957,-4622.470646935394
310,112.6352,73.72150421142578,-1514.2757199256987
311,113.5893,110.7282485961914,-8.185615135235093
312,111.2217,110.03466033935547,-1.4090631559430802
313,109.5943,107.31238555908203,-5.207133515669985
314,119.1848,104.45764923095703,-216.88896977412278
315,117.2824,23.1906681060791,-8853.254010797491
316,116.8258,89.19945526123047,-763.214923625339
317,116.5552,107.17646789550781,-87.96061588783245
318,113.5359,95.34005737304688,-331.08868890484433
319,104.3957,83.0439682006836,-455.8964508299396
320,100.5212,8.27485466003418,-8509.388228580232
321,101.7772,3.81502628326416,-9596.58747930793
322,99.634,31.884693145751953,-4589.968579231061
323,108.39,100.35147094726562,-64.61794933165461
324,100.7145,26.72642707824707,-5474.23493467463
325,102.1202,0.005096991080790758,-10427.494262522181
326,102.3391,0.20523333549499512,-10431.326719842888
327,95.4701,6.311964988708496,-7949.173038691684
328,101.7739,44.0406608581543,-3333.1269018095445
329,106.639,26.406579971313477,-6437.241223659577
330,110.7987,1.8645000457763672,-11866.659919666776
331,113.1751,14.34014892578125,-9768.347553843214
332,116.305,38.4866943359375,-6055.688696425463
333,112.0042,24.044437408447266,-7736.919835162319
334,111.9608,13.44117546081543,-9706.116419341899
335,113.7444,21.490612030029297,-8510.76139480831
336,112.2863,38.95234680175781,-5377.868691681975
337,107.1192,33.001121520996094,-5493.489557419783
338,102.3656,85.16175842285156,-295.97216501162126
339,100.6027,80.04010772705078,-422.8202009835509
340,95.1661,7.3333210945129395,-7714.597050260173
341,92.5399,35.26570510864258,-3280.333400453193
342,98.4804,37.049720764160156,-3773.7283513766447
343,108.1326,74.50910186767578,-1130.53962665441
344,108.637,37.27082824707031,-5093.13047066866
345,105.693,35.62840270996094,-4909.047793415349
346,93.5247,13.516016960144043,-6401.389361772133
347,96.0318,2.116425037384033,-8820.097654368754
348,107.6462,22.371557235717773,-7271.76469857595
349,113.5645,17.32217025756836,-9262.58603425094
350,111.5725,28.261001586914062,-6940.805767833622
351,122.4246,38.824073791503906,-6989.047982337442
352,118.7276,63.95646286010742,-2999.87746359692
353,122.1562,82.22518157958984,-1594.486232091135
354,121.0397,26.98283576965332,-8846.693708845867
355,118.9011,8.759583473205566,-12131.153662822131
356,118.984,13.124608993530273,-11206.210664260643
357,121.6615,14.197336196899414,-11548.546501899635
358,110.5634,41.291446685791016,-4798.60351596595
359,113.3204,15.835379600524902,-9503.329202286077
360,113.1992,7.455668926239014,-11181.694363947456
361,108.6835,28.851390838623047,-6373.165653154006
362,110.0231,0.28519999980926514,-12042.406696451862
363,115.9438,0.6705917119979858,-13287.912549009096
364,121.6363,0.5265666842460632,-14667.567503813041
365,116.8397,2.1199700832366943,-13160.616432175117
1,128.2797,3.3839335441589355,-15598.952478591991
2,123.9092,6.6370649337768555,-13752.753662990484
3,133.2934,0.7842271327972412,-17558.680893950223
4,129.5838,10.268977165222168,-14236.02694809442
5,120.2835,12.31436538696289,-11657.33402908813
6,124.166,6.49891471862793,-13845.542958613687
7,131.7642,1.329216718673706,-17013.284863599867
8,123.1418,7.312571048736572,-13416.410279444202
9,117.1087,17.357576370239258,-9950.286665399812
10,124.9495,83.0998764038086,-1751.3909951429005
11,118.1592,34.3450813293457,-7024.806488538521
12,120.6934,86.24642944335938,-1186.593780530066
13,126.6749,75.23723602294922,-2645.833275415987
14,137.9128,74.62135314941406,-4005.807244440545
15,147.2953,9.479084014892578,-18993.309388453778
16,148.098,88.81480407714844,-3514.4973188272056
17,137.9716,93.62667083740234,-1966.4727424358036
18,140.4506,78.38883209228516,-3851.6630358310654
19,140.9531,44.215145111083984,-9358.231916089951
20,142.2986,58.541412353515625,-7015.266482448394
21,135.3311,88.55206298828125,-2188.278303743752
22,137.0637,25.660818099975586,-12410.60209563079
23,133.3823,87.37213134765625,-2116.935619417114
24,154.1212,42.3083610534668,-12502.110953283369
25,160.6956,16.13482666015625,-20897.817188613684
26,153.2917,19.712900161743164,-17843.295766229083
27,152.382,82.3646240234375,-4902.432938643312
28,150.6833,53.88969802856445,-9369.001382604692
29,163.6604,102.198974609375,-3777.506811047365
30,173.7563,64.2763442993164,-11985.860700223644
31,175.1633,38.16585159301758,-18768.30087002381
32,173.562,30.27759552001953,-20530.42056718265
33,173.6834,6.907248020172119,-27814.28486919865
34,160.9679,29.36997413635254,-17318.014091614048
35,169.848,52.675296783447266,-13729.442379074351
36,171.0293,56.268917083740234,-13169.945487086568
37,168.4019,64.86157989501953,-10720.597887441825
38,170.8296,109.31035614013672,-3784.617365089326
39,179.9375,38.17591857910156,-20096.345966954017
40,182.8349,99.07035064697266,-7016.4997283157545
41,175.0888,55.745513916015625,-14242.819933323737
42,164.2993,116.3926773071289,-2295.0444978371106
43,152.8026,110.37334442138672,-1800.2417289552873
44,161.1959,103.02941131591797,-3383.340405835442
45,151.0308,4.151808738708496,-21573.438073934547
46,161.9855,26.047710418701172,-18479.082636249477
47,158.7966,41.20570755004883,-13827.617987175987
48,157.6542,39.80707931518555,-13887.943853701223
49,156.6887,65.66786193847656,-8284.792961422076
50,162.2763,134.52308654785156,-770.2408569205126
51,173.8095,128.81808471679688,-2024.227449185645
52,169.1879,74.28687286376953,-9006.204951511554
53,170.7312,90.36373901367188,-6458.928785388974
54,179.1933,85.04580688476562,-8863.750459883102
55,182.1198,24.657201766967773,-24794.469842297323
56,183.3273,80.48632049560547,-10576.267065423297
57,194.2526,93.76628112792969,-10097.500280459395
58,190.256,141.09254455566406,-2417.045351227205
59,191.1012,84.91938018798828,-11274.578858590525
60,196.2865,92.79716491699219,-10710.04247592307
61,201.7756,50.4276008605957,-22906.216843501123
62,201.1453,97.67301940917969,-10706.51285066545
63,190.4757,26.208118438720703,-26983.838351991544
64,194.7022,53.614505767822266,-19905.73746375248
65,191.5478,54.240535736083984,-18853.284819640867
66,195.9095,121.7308578491211,-5502.47095134815
67,199.4421,75.91455078125,-15259.055415990706
68,204.7996,85.00660705566406,-14350.36115856172
69,209.4256,121.75445556640625,-7686.229566296057
70,204.0076,133.7314453125,-4938.737917661428
71,203.7878,161.10931396484375,-1821.4531702530273
72,212.9353,57.61298751831055,-24125.02075465959
73,208.3883,20.129701614379883,-35441.29986611821
74,209.9176,82.39019012451172,-16263.240269550784
75,208.9868,41.50456619262695,-28050.29864110757
76,209.6237,155.08351135253906,-2974.6321777006283
77,210.8403,161.3708038330078,-2447.231051016056
78,219.5264,147.58006286621094,-5176.275426968834
79,216.9028,99.49674987792969,-13784.18060526609
80,217.4834,133.06175231933594,-7127.01459711817
81,215.1683,164.65914916992188,-2551.1743175755805
82,216.0356,85.24897766113281,-17105.140582809472
83,217.6964,13.423750877380371,-41727.31517957288
84,207.9006,23.75347900390625,-33910.16217114999
85,212.3302,181.13034057617188,-973.4312280666361
86,214.3493,77.98100280761719,-18596.31247915004
87,210.717,30.781234741210938,-32376.879619266045
88,220.4472,185.29461669921875,-1235.7041127183654
89,222.3708,179.0267791748047,-1878.7041412949652
90,216.345,75.10721588134766,-19948.111662747044
91,229.6646,50.19303512573242,-32210.04259841844
92,223.8578,93.6875,-16944.307002089998
93,226.7561,193.84498596191406,-1083.1414272278976
94,225.6841,185.74440002441406,-1595.1796341398194
95,224.4189,166.1422576904297,-3396.1670388776015
96,232.1487,72.23204040527344,-25573.33801593565
97,238.0475,82.38468933105469,-24230.91062535592
98,233.3928,117.06389617919922,-13532.413864149117
99,218.2953,145.48777770996094,-5300.9353020145345
100,221.8576,202.06568908691406,-391.71973759152985
101,222.5376,35.889896392822266,-34837.36526183287
102,224.0827,201.89938354492188,-492.0995289461394
103,228.9759,202.33145141601562,-709.9266403445868
104,230.5977,201.72764587402344,-833.4800252368166
105,232.2932,201.06468200683594,-975.2203360493725
106,237.1189,181.98841857910156,-3039.3699817000274
107,240.6219,179.51455688476562,-3734.1073826029833
108,247.7344,180.74685668945312,-4487.330958782392
109,233.8431,123.94940185546875,-12076.624891881349
110,232.4973,56.75600814819336,-30885.001661741877
111,226.2954,69.1320571899414,-24700.316323231997
112,223.1332,85.81243896484375,-18856.991411274485
113,218.6715,93.44454193115234,-15681.79102717693
114,223.2074,171.03515625,-2721.9430179094147
115,215.4666,155.3810272216797,-3610.2760560988268
116,216.2706,158.11582946777344,-3381.977335655927
117,231.8706,88.04479217529297,-20685.862996429558
118,245.4172,31.396440505981445,-45804.885494396534
119,242.8666,42.76417922973633,-40040.97879811965
120,253.6457,75.51760864257812,-31729.616930638036
121,248.8621,19.65675163269043,-52535.09172017974
122,242.1749,23.261259078979492,-47923.18218129751
123,247.9982,87.14944458007812,-25872.322120137847
124,248.6578,187.64601135253906,-3722.4383539624446
125,242.778,219.150390625,-558.2639247775875
126,248.1475,218.18104553222656,-897.9883933691391
127,254.5433,209.63185119628906,-2017.0382336483476
128,240.5693,137.15248107910156,-10695.038435717897
129,244.9776,162.7964630126953,-6753.7392765261375
130,255.6378,30.116600036621094,-50859.811632922334
131,255.0121,113.84333801269531,-19928.619361028283
132,259.2066,94.98294067382812,-26969.41028247855
133,256.7451,165.99139404296875,-8236.235144935286
134,254.1712,123.11933898925781,-17174.590274378887
135,247.8497,226.2067108154297,-468.4189808434281
136,258.8072,220.6995849609375,-1452.190323965384
137,257.2347,148.3538818359375,-11855.032564075636
138,246.8774,136.47500610351562,-12188.688578074489
139,253.3408,226.15078735351562,-739.2967877159804
140,250.3279,220.39010620117188,-896.2714975411517
141,249.1058,92.76097106933594,-24443.705533358607
142,248.9555,212.1722412109375,-1353.0081271431436
143,242.335,215.9566650390625,-695.816555311418
144,238.1265,209.39878845214844,-825.2814107765636
145,240.2728,163.23638916015625,-5934.608595085194
146,240.4244,134.8580322265625,-11144.258004876661
147,234.1421,179.7517852783203,-2958.306335523366
148,229.6253,137.6044921875,-8467.829070465063
149,234.7399,177.8268280029297,-3239.09776414371
150,229.8294,223.3011932373047,-42.617483536500714
151,221.1974,202.29248046875,-357.39598248303724
152,214.6299,158.3681640625,-3165.3829307009782
153,205.897,226.5161590576172,-425.14972024331723
154,203.2485,233.32379150390625,-904.523159044935
155,192.8526,221.64866638183594,-829.2134390671022
156,189.9164,210.609619140625,-428.20931840192844
157,200.2277,233.57241821289062,-1111.87023269708
158,188.9984,234.26513671875,-2049.0774531646293
159,191.6809,239.1470947265625,-2253.039641819949
160,196.8022,224.893798828125,-789.1379247203139
161,196.0534,198.86813354492188,-7.922724928908406
162,191.2672,219.08018493652344,-773.5621310792795
163,183.1995,198.56564331054688,-236.11836024026445
164,183.6171,204.20803833007812,-423.9867413130808
165,188.1432,203.24903869628906,-228.18636271830383
166,195.8384,166.7574462890625,-845.70186873769
167,194.9667,227.66226196289062,-1068.9997720692202
168,199.3695,231.24778747558594,-1016.2252123761
169,201.826,222.51937866210938,-428.21592045344386
170,197.9874,221.08200073242188,-533.3605829899807
171,195.0375,227.65048217773438,-1063.6066065252203
172,197.3703,210.3611297607422,-168.7616578725853
173,204.2761,227.5267333984375,-540.5919534285367
174,199.2901,169.0023956298828,-917.3450360116155
175,196.4944,228.12802124023438,-1000.6859927706066
176,189.3637,225.26962280273438,-1289.2352923159208
177,189.9773,203.5389404296875,-183.9180911441342
178,191.8991,197.47265625,-31.064529271914015
179,185.2375,229.2527313232422,-1937.3405884385193
180,192.0104,210.3107452392578,-334.90263587602595
181,185.3923,204.1921844482422,-353.43565526725826
182,181.6973,132.76527404785156,-2394.3431637817293
183,191.72,230.17898559570312,-1479.0935730505005
184,207.7523,84.19192504882812,-15267.16625807418
185,216.7736,169.397216796875,-2244.5216854093433
186,215.4178,101.10173034667969,-13068.16378098278
187,231.9335,198.5341796875,-1115.5145973369756
188,228.9868,112.36492156982422,-13600.662528582696
189,235.3432,142.05987548828125,-8701.778631958627
190,229.5347,226.7256622314453,-7.890693185166623
191,221.8916,219.12716674804688,-7.642091204504191
192,228.685,86.26464080810547,-20283.55871234826
193,229.9822,221.9695281982422,-64.20290940268488
194,223.3787,196.90426635742188,-700.895636695273
195,227.8363,126.28302764892578,-10313.067125211453
196,218.341,228.23593139648438,-97.90966734113206
197,229.7684,139.49037170410156,-8150.122392995041
198,227.4106,227.929443359375,-0.26919843156754775
199,222.5816,109.69270324707031,-12743.903010093622
200,220.4203,148.21958923339844,-5212.942635202455
201,228.2448,52.62268829345703,-30843.126120265457
202,222.1225,157.1964874267578,-4215.387108660803
203,222.3092,213.8929443359375,-70.83335940286418
204,219.6412,170.9302215576172,-2372.7594208142827
205,220.0422,141.64056396484375,-6146.816532989113
206,229.8992,166.67112731933594,-3997.7891749113383
207,233.3815,211.41636657714844,-482.4670862836703
208,230.7764,186.98081970214844,-1918.0528536255636
209,227.6975,186.93638610839844,-1661.4684056841131
210,231.1802,185.8699188232422,-2053.0215803168544
211,230.7904,106.46782684326172,-15456.102196312544
212,231.6873,138.97994995117188,-8594.65275307595
213,232.2952,189.59080505371094,-1823.6653477286384
214,229.8273,137.99368286132812,-8433.41323677217
215,224.5544,86.04833984375,-19183.92870000674
216,218.7097,166.60653686523438,-2714.7396086479994
217,224.343,196.0580596923828,-800.0378482054668
218,227.0062,212.2958526611328,-216.39431883011716
219,225.176,203.06727600097656,-488.79567686499433
220,217.5528,129.46507263183594,-7759.447712887998
221,214.9259,183.203125,-1006.3344537006258
222,213.6167,157.98129272460938,-3095.2985426985892
223,207.8212,180.8551788330078,-727.166297578671
224,207.269,136.30453491210938,-5035.955305210448
225,208.1989,94.34025573730469,-12963.790873339001
226,214.1598,202.50852966308594,-135.7521004638533
227,206.5321,148.2229461669922,-3399.9574207213714
228,203.9043,142.69615173339844,-3746.4374142262805
229,197.5351,191.86106872558594,-32.194630903028866
230,200.1857,166.6460723876953,-1124.9066203720708
231,192.7811,194.13961791992188,-1.8455709387488328
232,194.267,186.92041015625,-53.972382332290586
233,192.9948,132.07693481445312,-3710.9862987644638
234,195.4461,202.60792541503906,-51.29174327549942
235,197.8083,206.3435821533203,-72.85104143678818
236,203.4897,156.10658264160156,-2245.159810599759
237,207.3958,173.3721466064453,-1157.6089902447459
238,202.5758,97.20454406738281,-11103.10157681711
239,207.7184,121.0169906616211,-7517.134381261138
240,200.5739,139.3551025390625,-3747.741162563289
241,205.7808,137.064208984375,-4721.969880808674
242,215.9233,105.14622497558594,-12271.560350964664
243,221.5059,123.50294494628906,-9604.579199259686
244,228.6563,183.39236450195312,-2048.823856771347
245,236.0225,182.04644775390625,-2913.414216073043
246,244.3369,179.07627868652344,-4258.948694220993
247,236.3502,146.59278869628906,-8056.392883943536
248,229.9591,130.5103759765625,-9890.048709889836
249,229.5952,179.36932373046875,-2522.638647042263
250,210.3834,173.041259765625,-1394.4354372837279
251,199.7393,94.58230590820312,-11057.9934064222
252,196.8306,142.39849853515625,-2962.8536698790454
253,203.1317,140.2132110595703,-3958.7362505469723
254,202.3492,171.73780822753906,-937.057306247089
255,197.0732,189.0533447265625,-64.3180786068835
256,194.6357,170.08447265625,-602.7627640844984
257,193.8454,92.6229019165039,-10245.994118263372
258,202.85,159.18231201171875,-1906.866974241882
259,203.0514,138.4406280517578,-4174.551851747759
260,200.5575,123.08917236328125,-6001.341786830003
261,193.2397,174.3731689453125,-355.9459940374878
262,184.4841,172.97203063964844,-132.52774095754552
263,190.1919,167.2809295654297,-524.9125662537551
264,191.3205,165.26727294921875,-678.7706397595604
265,179.4266,103.53888702392578,-5758.944980739025
266,194.4216,55.04850387573242,-19424.859923264332
267,197.1265,79.49372100830078,-13837.470693309951
268,192.4576,123.65586853027344,-4733.678253232364
269,189.131,98.22298431396484,-8264.267315972415
270,184.5099,173.4210205078125,-122.96324839225623
271,174.6208,169.4020233154297,-27.23563008341473
272,164.4591,65.67784881591797,-9757.735585492708
273,163.9743,162.4584197998047,-2.297892781344179
274,162.482,42.262451171875,-14452.73992043793
275,160.4538,35.78725051879883,-15541.74855954878
276,159.9734,97.79460906982422,-3866.2020415385095
277,147.425,70.52369689941406,-5913.8104185681905
278,151.7337,120.15670013427734,-997.1069205198486
279,143.106,129.02401733398438,-198.3022358059644
280,146.1737,49.34211349487305,-9376.356145099884
281,138.832,145.34033203125,-42.358385828994834
282,142.4442,150.1836395263672,-59.898924182294834
283,139.2761,148.59043884277344,-86.75690807799776
284,147.638,89.79354858398438,-3345.9805596197925
285,152.2089,139.5620574951172,-159.94262534331057
286,154.7007,28.564594268798828,-15910.317169032764
287,147.948,145.92726135253906,-4.083384681342289
288,162.5859,103.9673080444336,-3436.1393228531956
289,172.712,20.68000030517578,-23113.728931207028
290,165.0834,87.59752655029297,-6004.060584264015
291,168.5956,102.229248046875,-4404.492671566058
292,163.9091,131.66258239746094,-1039.8378974908612
293,159.4138,67.48712158203125,-8450.514204960644
294,167.2502,134.8668975830078,-1048.6782754303724
295,160.7925,120.24403381347656,-1644.1781100796338
296,166.5085,127.89204406738281,-1491.230668795765
297,177.4622,125.41162872314453,-2709.261970247011
298,191.6769,123.15003204345703,-4695.931631933474
299,189.4257,55.14105224609375,-18032.36662239068
300,187.2969,14.546577453613281,-29842.673939880646
301,195.1524,45.838768005371094,-22294.560699427468
302,201.4513,74.11299133300781,-16215.044854170179
303,196.8021,95.4992446899414,-10262.268493970665
304,195.7804,49.89921188354492,-21281.32104626855
305,198.2289,75.40858459472656,-15084.82987625085
306,202.8354,101.9941177368164,-10168.964208483065
307,207.9307,46.51629638671875,-26054.609693831262
308,215.0476,114.4119873046875,-10127.52654256094
309,214.7893,110.2247543334961,-10933.74421044238
310,213.1239,95.92622375488281,-13735.295317255304
311,209.4519,109.39783477783203,-10010.815967481842
312,199.0258,79.44952392578125,-14298.48579977778
313,191.8311,106.5638198852539,-7270.509058166574
314,194.0416,103.62080383300781,-8175.920379472747
315,187.5266,107.16204071044922,-6458.462389803723
316,199.0882,98.16647338867188,-10185.194902211655
317,185.0409,103.80668640136719,-6598.9974589882995
318,187.0667,99.78300476074219,-7618.443454619636
319,192.8294,84.1009521484375,-11821.875372209945
320,188.2785,96.98416900634766,-8334.654871578552
321,197.2487,94.78738403320312,-10498.321269647788
322,199.9866,67.80216217041016,-17472.725604324703
323,216.2735,27.690820693969727,-35563.42693424106
324,210.3635,92.96823120117188,-13781.649136349106
325,197.9021,90.5663070678711,-11520.972444368852
326,195.2014,86.64124298095703,-11785.307691999265
327,202.1328,14.307381629943848,-35278.387785886625
328,204.6605,9.574102401733398,-38058.70252786897
329,202.6917,7.625975131988525,-38050.63701828275
330,187.4593,18.79317855834961,-28448.260522169563
331,175.482,70.8288803100586,-10952.275460837202
332,163.5342,15.872146606445312,-21804.082012400995
333,156.1151,2.7477169036865234,-23521.554197811383
334,162.4895,66.87812805175781,-9141.534445825111
335,163.9459,18.95924949645996,-21021.128824235664
336,166.4806,12.293212890625,-23773.750343616262
337,167.7641,27.850313186645508,-19575.867740452813
338,169.4901,33.65530014038086,-18451.09285290279
339,163.5898,0.0,-26761.62266404
340,161.4645,0.17419834434986115,-26014.561408170615
341,154.8775,53.38044357299805,-10301.652463346018
342,167.0972,52.92905807495117,-13034.364630618089
343,160.2729,22.441009521484375,-18997.630032881523
344,154.2239,53.14289093017578,-10217.370394573883
345,153.5602,16.0943546295166,-18896.858643421656
346,154.6978,0.26537084579467773,-23849.375174468645
347,155.4323,7.678450584411621,-21831.200017124367
348,152.1195,11.650629997253418,-19731.503439848515
349,148.9909,20.088027954101562,-16615.950421681267
350,157.5833,20.91893768310547,-18677.147927483424
351,167.218,3.2625834941864014,-26881.37860159481
352,170.5503,7.583961009979248,-26558.027643810357
353,161.9756,16.028812408447266,-21300.464808293807
354,155.499,21.75916290283203,-17886.344026777024
355,154.2587,37.282623291015625,-13683.402522226197
356,157.938,29.811487197875977,-16416.40328283285
357,160.896,71.82942199707031,-7932.855317151956
358,167.1796,12.721325874328613,-23857.358445881044
359,161.1576,11.362325668334961,-22438.624212098788
360,160.048,4.047749996185303,-24336.07800125269
361,163.1695,84.944091796875,-6119.214488545536
362,171.1436,83.26223754882812,-7723.133866274241
363,172.1091,28.944643020629883,-20496.061742197922
364,165.5949,67.50723266601562,-9621.190483022385
365,164.6771,68.53728485107422,-9242.86405686962
366,159.9636,57.66338348388672,-10465.33429924366
1,170.2757,58.390296936035156,-12518.343418785873
2,166.8715,7.1034064292907715,-25525.8437232189
3,164.8101,22.029184341430664,-20386.38987629949
4,166.5969,77.76677703857422,-7890.790745342025
5,167.816,32.673553466796875,-18263.480854979665
6,155.7248,79.72952270507812,-5775.282171132067
7,159.3197,83.45305633544922,-5755.747620923925
8,149.3095,46.15715789794922,-10640.405681138522
9,138.6024,14.316265106201172,-15447.043326839555
10,130.6136,9.777167320251465,-14601.443462767398
11,110.2649,17.51576805114746,-8602.401477265657
12,104.7304,59.49372482299805,-2046.356781069585
13,109.4811,35.8350830078125,-5423.7358188135695
14,112.425,61.349159240722656,-2608.7415092670567
15,116.0717,26.516925811767578,-8020.057579905301
16,121.4803,6.142716884613037,-13302.758078898796
17,118.5559,13.046396255493164,-11132.255380412102
18,117.7669,38.83341598510742,-6230.494898729303
19,118.7085,18.77427101135254,-9986.850123555427
20,120.8165,19.08648681640625,-10348.995582334159
21,117.4496,13.975598335266113,-10706.869020513352
22,112.5248,22.71754264831543,-8065.343473031702
23,106.9381,39.05881118774414,-4607.5978496576445
24,112.2731,9.59055233001709,-10543.705595998312
25,106.1293,8.0108003616333,-9627.239971284167
26,113.4752,26.899324417114258,-7495.3822329433115
27,107.4156,68.55569458007812,-1510.0922492452733
28,95.5705,47.93131637573242,-2269.4918163866837
29,99.2092,22.708940505981445,-5852.289702652175
30,92.0764,50.09242630004883,-1762.6540476381922
31,84.2611,32.266944885253906,-2703.3921660962774
32,78.1816,81.60621643066406,-11.727997697174242
33,65.6609,71.34564971923828,-32.31637937037974
34,62.9203,113.40162658691406,-2548.364333974677
35,73.5972,22.206233978271484,-2641.031388646455
36,68.6007,88.42801666259766,-393.12248603892255
37,71.6356,99.03025817871094,-750.4672967284142
38,72.2834,18.868879318237305,-2853.111019662455
39,80.0217,28.34746551513672,-2670.226509596633
40,87.8783,123.02194213867188,-1235.0755827710339
41,88.3231,99.83076477050781,-132.4263484703867
42,94.2852,74.7806167602539,-380.4287673561844
43,98.3479,126.78441619873047,-808.6354535206606
44,97.5021,109.53871154785156,-144.8800175538736
45,94.3087,114.6924819946289,-415.49856840455755
46,88.9576,126.41309356689453,-1402.9139983396776
47,96.3133,92.50257110595703,-14.521654703893933
48,118.0156,129.935791015625,-142.09095384898683
49,118.8758,130.29629516601562,-130.4277098369863
50,119.2683,116.86824798583984,-5.760249670674206
51,130.2367,30.21563148498535,-10004.214146885257
52,125.6013,144.79408264160156,-368.36290552776245
53,134.2308,136.90943908691406,-7.175107357943867
54,137.6684,42.610992431640625,-9035.910733617184
55,138.3604,26.53328514099121,-12505.303617689944
56,132.5424,120.19330596923828,-152.50012338059437
57,122.0226,139.56556701660156,-307.7556917455704
58,124.5088,128.88760375976562,-19.173922366537628
59,136.1601,82.02245330810547,-2930.884789336399
60,128.6452,50.87825012207031,-6047.698493316427
61,128.8294,101.96184539794922,-721.8654902941797
62,134.4594,135.71597290039062,-1.5789754539961376
63,141.3434,190.14035034179688,-2381.14236265979
64,135.1003,112.6653060913086,-503.3289516830207
65,137.78,30.509790420532227,-11506.89786322294
66,123.7983,181.0839385986328,-3281.64438965317
67,127.1312,146.1919708251953,-363.3129844506165
68,120.263,111.52040100097656,-76.4330372577257
69,113.1218,126.98568725585938,-192.20736984318017
70,112.2258,125.19302368164062,-168.14889000970126
71,104.6522,88.74268341064453,-253.11271810697667
72,97.7296,50.96784591674805,-2186.661644942531
73,93.9555,22.775405883789062,-5066.605798392647
74,92.1081,106.23301696777344,-199.51327934649416
75,78.2334,126.04345703125,-2285.8015533313774
76,81.7957,165.00442504882812,-6923.691924251478
77,86.4185,117.40106964111328,-959.9196215664347
78,97.4102,307.8385009765625,-44280.06985188277
79,91.5829,435.6209411621094,-118362.17376666128
80,99.9735,79.5621337890625,-416.62387059700114
81,104.1484,0.0,-10846.88922256
82,102.6997,0.0,-10547.228380090002
83,95.9949,0.0,-9215.02082601
84,96.0161,0.0,-9219.09145921
85,90.8428,0.0,-8252.414311839999
86,91.2003,0.0,-8317.49472009
87,87.7085,0.0,-7692.780972250001
88,89.0388,50.10733413696289,-1515.6590342448235
89,79.025,20.68602752685547,-3403.435709222316
90,77.0445,56.21935272216797,-433.68675914339485
91,81.5241,150.50595092773438,-4758.495757416167
92,92.8594,43.715431213378906,-2415.129668100388
93,96.1127,42.701690673828125,-2852.7359172404194
94,104.9342,66.9212646484375,-1444.9832540420703
95,108.423,83.49259185791016,-621.5252501311796
96,109.1289,235.57064819335938,-15987.515686192899
97,113.7193,192.82931518554688,-6258.3945026574565
98,113.6656,179.4895782470703,-4332.796112270786
99,114.9584,187.52040100097656,-5265.243989265724
100,105.9572,112.39388275146484,-41.430884843005025
101,112.4545,173.23934936523438,-3694.797912354234
102,115.8461,154.2100830078125,-1471.7951922237257
103,110.8581,208.28025817871094,-9491.076904197776
104,116.2919,112.98208618164062,-10.954867512202654
105,116.7516,151.48431396484375,-1206.3614193636522
106,118.4218,182.3146209716797,-4082.292571719111
107,128.8647,201.51849365234375,-5278.573732077345
108,127.5145,194.48170471191406,-4484.6065069274055
109,139.7572,109.34716796875,-924.7700481416517
110,138.4682,115.27987670898438,-537.6983370486575
111,138.8268,176.93814086914062,-1452.474302843829
112,138.3737,210.8169708251953,-5248.0274878525925
113,142.5793,203.2747802734375,-3683.941325623242
114,137.7451,200.30450439453125,-3913.679078198495
115,134.4437,158.09149169921875,-559.2180522496388
116,139.7764,45.33127975463867,-8919.880738160758
117,144.1462,86.34671783447266,-3340.780138603113
118,143.7061,37.35328674316406,-11310.920887643417
119,136.1423,40.985862731933594,-9054.747553551459
120,140.5789,30.90212631225586,-12028.994686552647
121,140.3972,78.28033447265625,-3858.504982942106
122,144.2378,166.31251525878906,-487.293053756615
123,135.0157,129.77659606933594,-27.44820999629973
124,138.0144,200.6432342529297,-3922.3708798809394
125,133.6899,220.34449768066406,-7509.01929919775
126,136.1463,216.6355743408203,-6478.523283911835
127,140.3634,198.80995178222656,-3415.9994152324894
128,140.6224,174.78988647460938,-1167.4171319926147
129,134.5436,208.5810546875,-5481.544696603616
130,137.1233,33.2200927734375,-10795.87647196599
131,133.6585,171.46324157714844,-1429.1984857149755
132,137.2803,223.2106475830078,-7384.024635736535
133,126.0377,219.31137084960938,-8699.97767376127
134,122.4798,214.42825317382812,-8454.518041059664
135,116.1773,224.0832977294922,-11643.704345997172
136,113.5884,219.4957733154297,-11216.37172257379
137,104.3532,135.86990356445312,-993.3026035696123
138,100.6173,132.95884704589844,-1045.975665322062
139,99.5999,44.171295166015625,-3072.3302338419967
140,112.8966,159.9220733642578,-2211.39514513252
141,122.4118,238.75149536132812,-13534.924716766633
142,127.4489,136.83802795410156,-88.15572373849149
143,124.0273,103.92294311523438,-404.18516575002286
144,113.2592,126.6234130859375,-178.60219140634294
145,105.048,227.9621124267578,-15107.879033657659
146,110.9266,92.24137115478516,-349.1377769980486
147,111.5632,160.69815063476562,-2414.2433738808554
148,112.7074,227.38966369628906,-13152.021606505179
149,116.7645,214.5902557373047,-9569.878485574802
150,110.9011,197.53204345703125,-7504.920364255346
151,111.1426,243.32919311523438,-17473.295399412524
152,107.9668,263.6478576660156,-24236.59171600928
153,98.0522,240.81121826171875,-20380.137295049746
154,106.1026,252.33139038085938,-21382.859136249313
155,99.2842,294.85247802734375,-38246.95137058043
156,104.915,407.97357177734375,-91844.4979277234
157,104.2721,255.14068603515625,-22761.330252247346
158,100.4113,261.3253173828125,-25893.32099027609
159,93.2549,215.31243896484375,-14898.042818154348
160,90.8928,212.47894287109375,-14783.190138270023
161,99.3097,238.93727111816406,-19495.858616357957
162,100.274,251.53228759765625,-22879.06956697529
163,97.3371,204.48887634277344,-11481.50317341174
164,90.1031,199.03903198242188,-11867.037276878846
165,83.0116,151.23876953125,-4654.946662245929
166,83.9833,230.4188690185547,-21443.375873787896
167,85.8875,252.10980224609375,-27629.85376399175
168,80.6385,146.28196716308594,-4309.064781191142
169,87.4449,252.54684448242188,-27258.65207187671
170,87.607,229.33389282226562,-20086.512149053968
171,88.8536,196.2080841064453,-11524.98525776102
172,89.6253,78.39503479003906,-126.11885668605889
173,84.8211,140.89187622070312,-3143.9319459921667
174,89.0997,225.9696044921875,-18733.370755700533
175,88.0805,234.9183807373047,-21561.363219422914
176,89.9416,191.96141052246094,-10408.041739038832
177,102.2238,301.06256103515625,-39536.85288999598
178,101.9661,485.2925720214844,-146939.18415243787
179,101.9406,143.11744689941406,-1695.5327205777853
180,108.872,143.91909790039062,-1228.299071239565
181,112.4438,242.7604522705078,-16982.429858992447
182,107.4672,391.6705627441406,-80771.55139507758
183,97.5139,135.58660888671875,-1449.5311619728325
184,98.6283,159.01760864257812,-3646.8685983285613
185,103.4525,268.2895812988281,-27171.263371116478
186,109.3789,415.8857421875,-93946.44430775303
187,117.6887,216.97703552246094,-9858.17357082078
188,117.1937,288.34161376953125,-29291.6083876629
189,116.6329,393.8191833496094,-76832.23567716993
190,117.5375,243.0592803955078,-15755.71735365809
191,125.1824,153.0572967529297,-777.00986898649
192,116.2563,171.89878845214844,-3096.0865211474725
193,110.0913,107.67955017089844,-5.816537238171435
194,112.7059,207.2511444091797,-8938.803240391522
195,115.0714,266.5820617675781,-22955.480629249465
196,120.5262,245.43374633789062,-15601.895132152293
197,118.0823,192.83949279785156,-5588.637875015149
198,116.7828,265.0344543457031,-21978.553016237835
199,121.0134,189.84375,-4737.617081122499
200,128.6727,206.82640075683594,-6108.000941989059
201,114.458,182.0768280029297,-4572.305900489789
202,114.7021,148.61546325683594,-1150.1162073901098
203,114.9876,153.99205017089844,-1521.347133134099
204,117.3985,241.1239013671875,-15307.974943471643
205,100.5556,152.6476593017578,-2713.582642297853
206,97.4216,207.90794372558594,-12207.232149848323
207,100.1922,93.91668701171875,-39.38206326608666
208,103.3469,197.239990234375,-8815.912393760485
209,96.3572,232.66078186035156,-18578.666427961558
210,96.1656,257.03717041015625,-25879.662166229864
211,100.5921,220.81028747558594,-14452.412599915127
212,116.5771,202.7045135498047,-7417.93136477908
213,112.0746,173.4498291015625,-3766.918747269284
214,116.5005,179.74256896972656,-3999.559287571651
215,136.2025,158.23866271972656,-485.5924674102674
216,155.6089,222.7341766357422,-4505.802763424916
217,156.1307,169.11949157714844,-168.70870663460244
218,156.7783,161.6070556640625,-23.31688126321566
219,159.7542,195.13087463378906,-1251.5091081449748
220,152.2752,215.31520080566406,-3974.041701578124
221,145.2058,202.6973419189453,-3305.277392217845
222,141.9924,152.75595092773438,-115.85402857393144
223,138.5776,197.44239807128906,-3465.064451973638
224,144.2196,208.98280334472656,-4194.2725074704
225,140.9785,126.18387603759766,-218.88089818888955
226,141.2433,120.80976867675781,-417.5292023379198
227,137.0294,139.29017639160156,-5.111109892822938
228,148.8929,143.42074584960938,-29.944471045637314
229,152.2411,130.4298858642578,-475.72906207519935
230,156.3071,163.2206573486328,-47.79727521283488
231,161.0419,197.32028198242188,-1316.1209992625122
232,165.8712,90.1883316040039,-5727.896568645662
233,153.3046,76.37640380859375,-5917.94736926349
234,152.8758,197.6787567138672,-2007.304930304657
235,148.8937,208.38226318359375,-3538.889149648426
236,152.2433,156.0613555908203,-14.577548494594208
237,146.168,147.60546875,-2.066316407226544
238,147.3434,108.87646484375,-1479.7051003151423
239,149.7951,65.35474395751953,-7130.173728580866
240,140.303,153.01817321777344,-161.67562995798298
241,151.2203,175.06475830078125,-568.5581916576955
242,155.4768,171.0537109375,-242.6401543548072
243,158.148,123.2153091430664,-1220.2928905060917
244,160.1375,221.47975158691406,-3762.8718297522623
245,160.6066,138.07537841796875,-507.6559459785902
246,148.87,167.52879333496094,-348.1505687167825
247,149.6491,64.04180145263672,-7328.6095645773885
248,146.824,178.09654235839844,-977.9719055578238
249,143.5329,125.1598129272461,-337.57032858299715
250,147.1428,182.26910400390625,-1233.8572329748406
251,149.192,178.17669677734375,-840.1126472745608
252,156.8626,164.7210235595703,-61.754820841609956
253,155.4855,208.80062866210938,-2842.5029442572763
254,153.7363,176.0493621826172,-497.8727439653413
255,155.426,164.27499389648438,-78.30469298001793
256,159.6737,204.15150451660156,-1978.2750946170227
257,158.6386,162.13961791992188,-12.257126475614115
258,166.0271,166.650634765625,-0.388795603943036
259,167.3551,122.4352035522461,-2017.7970968769334
260,165.75,132.77297973632812,-1087.4838654706255
261,171.5897,136.01968383789062,-1265.2260497727216
262,174.8508,114.44113159179688,-3649.3280371890537
263,169.2418,153.3345489501953,-253.04063596151272
264,165.2863,123.07704162597656,-1781.6214924850685
265,166.5762,162.09242248535156,-20.10426080086692
266,174.9658,148.1637420654297,-718.3503095280636
267,174.668,149.6211395263672,-627.34521958563
268,166.6803,143.3430633544922,-544.6266142484322
269,168.8426,65.11258697509766,-10759.915602146411
270,171.2578,109.96868896484375,-3756.355131479712
271,174.8997,161.66262817382812,-175.2200705312331
272,178.721,159.5500946044922,-367.5236136835107
273,184.8257,156.0610809326172,-827.4033100916436
274,178.0203,167.7642364501953,-105.18683953763215
275,174.4697,124.47067260742188,-2499.9027402037764
276,173.6854,72.17328643798828,-10304.70919982676
277,177.9563,89.51295471191406,-7822.225325747593
278,186.7046,57.97895431518555,-16570.291856972388
279,196.2281,20.426334381103516,-30906.260794721416
280,208.7079,46.531681060791016,-26301.125989418244
281,199.2548,149.74270629882812,-2451.4474226736224
282,196.9904,155.6983642578125,-1705.0322157340895
283,196.3499,7.181950092315674,-35784.51327227616
284,189.1503,63.983360290527344,-15666.76279623476
285,196.0925,53.00870895385742,-20472.97126013619
286,194.7532,87.95315551757812,-11406.24950144729
287,186.8697,13.986419677734375,-29888.628614987076
288,195.7836,52.644134521484375,-20488.90657747517
289,194.7387,140.09283447265625,-2986.1706192325355
290,199.218,170.4251708984375,-829.0270076717837
291,191.8382,137.7047576904297,-2930.4295762835773
292,190.3654,125.52860260009766,-4203.810297075983
293,185.665,114.97157287597656,-4997.560638539611
294,163.9444,109.23148345947266,-2993.503236370711
295,173.5311,203.3468780517578,-888.9806208316824
296,170.0561,305.423095703125,-18324.223525689868
297,170.9235,42.188236236572266,-16572.76813623931
298,165.7436,147.4268798828125,-335.50223585138076
299,160.433,94.56352233886719,-4338.788087350474
300,165.3231,32.46992874145508,-17649.96511345227
301,163.7504,34.425315856933594,-16724.97738861121
302,158.3562,41.613853454589844,-13628.775476928638
303,155.5248,48.28527069091797,-11500.316646433464
304,147.4649,89.43682861328125,-3367.257068862127
305,158.7668,32.88496017456055,-15846.237597837591
306,157.9542,28.383684158325195,-16788.518575477698
307,160.2972,110.87732696533203,-2442.3238507627025
308,162.7953,13.422384262084961,-22312.267956046264
309,156.9115,22.42536735534668,-18086.519873715286
310,162.9023,92.95468139648438,-4892.669348302885
311,180.2298,39.02801513671875,-19937.944048576366
312,189.0447,105.27775573730469,-7016.900951109504
313,202.6099,105.15216827392578,-9498.009473191456
314,197.114,137.64500427246094,-3536.5614528420597
315,197.5131,55.95397186279297,-20038.986758966203
316,199.91,224.50213623046875,-604.7731643779339
317,203.6745,314.25225830078125,-12227.440630825999
318,197.0817,7.815116882324219,-35821.83948504008
319,201.0191,113.80282592773438,-7606.6784630485545
320,201.9464,58.57090377807617,-20556.532916882898
321,206.623,18.28821563720703,-35469.991000979724
322,201.5196,28.37240219116211,-29979.952109052836
323,201.6942,94.43521118164062,-11504.49068233694
324,206.2684,107.18861389160156,-9816.804015285987
325,210.5345,84.21583557128906,-15956.404983053284
326,215.5671,86.86833953857422,-16563.370944307455
327,214.4172,91.09375762939453,-15208.67143813605
328,217.877,89.65413665771484,-16441.10268369434
329,215.8184,91.48087310791016,-15459.820593641165
330,219.0797,86.52473449707031,-17570.81887948288
331,211.6322,86.13297271728516,-15750.056048558521
332,217.1769,60.177799224853516,-24648.717644204597
333,209.8763,86.03998565673828,-15335.432750123126
334,218.1711,87.0079574584961,-17203.769961362872
335,226.3793,94.02518463134766,-17517.611855018535
336,221.2501,73.95438385009766,-21696.027996112603
337,229.568,88.60450744628906,-19870.706232940123
338,219.4431,13.634992599487305,-42356.977071780966
339,208.0764,58.0562858581543,-22506.034647132416
340,200.6446,56.44546890258789,-20793.389409248644
341,198.1364,85.11228942871094,-12774.449570430977
342,192.1223,76.62743377685547,-13339.06412390205
343,194.9215,64.88260650634766,-16910.11382105346
344,189.0324,82.98725128173828,-11245.573566678244
345,190.9721,42.46543502807617,-22054.22954108323
346,188.7362,87.53726959228516,-10241.223515665512
347,190.2299,237.3253173828125,-2217.9783384613193
348,191.4754,363.4920654296875,-29589.733185549045
349,194.9983,56.0255126953125,-19313.435611233912
350,201.8867,90.41448211669922,-12426.05535982208
351,201.8715,19.21540069580078,-33363.250613025484
352,191.8814,72.95480346679688,-14143.535362971284
353,186.7219,70.36531829833984,-13538.854105295117
354,193.168,81.26200103759766,-12522.952603773196
355,188.99,46.45343780517578,-20316.671562318996
356,184.1908,22.494539260864258,-26145.68073701857
357,193.1611,112.5647964477539,-6495.764146285797
358,191.3933,3.1216812133789062,-35446.202440534784
359,203.9315,63.530399322509766,-19712.46907145075
360,196.8824,54.322021484375,-20323.46152251827
361,189.0865,61.33164978027344,-16321.301754664768
362,197.6491,15.29440689086914,-33253.2340989253
363,195.7787,45.62306213378906,-22546.715583008678
364,192.8414,52.476993560791016,-19702.16659503145
365,185.0141,35.1097297668457,-22471.3202149986
1,187.6978,35.247886657714844,-23240.976078070253
2,193.8566,41.75229263305664,-23135.720319577576
3,190.5597,5.075188636779785,-34404.503955652566
4,196.8973,2.4081039428710938,-37826.04738294832
5,194.0716,231.06517028808594,-1368.5242426595555
6,179.0214,293.0948181152344,-13012.744720493081
7,173.7228,26.643264770507812,-21632.389683323436
8,165.9191,38.26624298095703,-16295.251905124223
9,161.3902,34.672950744628906,-16057.261258847844
10,153.6598,28.836849212646484,-15580.769043262075
11,149.5233,43.208526611328125,-11302.831040684654
12,141.7483,71.25057983398438,-4969.928548605846
13,149.4618,101.40486907958984,-2309.468609489075
14,149.5257,36.18940353393555,-12845.116096643655
15,151.1928,33.1867561340332,-13925.426388896482
16,158.1414,58.36708450317383,-9954.914032860208
17,166.7305,91.43922424316406,-5668.776205091912
18,158.464,88.37947082519531,-4911.841229654049
19,155.3867,97.90839385986328,-3303.7556767392775
20,165.8523,84.16730499267578,-6672.438409346585
21,165.6613,14.366978645324707,-22889.97167417176
22,162.0634,61.57229995727539,-10098.461187796885
23,164.6907,71.64350128173828,-8657.781189315683
24,173.5379,71.43435668945312,-10425.133556568722
25,173.4123,95.6812744140625,-6042.112338641668
26,162.2141,94.23284912109375,-4621.450471060792
27,156.6618,102.00762176513672,-2987.079198528203
28,160.0625,86.30799102783203,-5439.727593725605
29,166.7698,100.54557037353516,-4385.648589618744
30,174.6829,55.31196594238281,-14249.419897787988
31,176.3406,49.9132194519043,-15983.882552253006
32,184.9126,106.71040344238281,-6115.5835464361935
33,178.588,103.53986358642578,-5632.222779150444
34,167.5438,46.48539733886719,-14655.13685486497
35,168.5503,68.02318572998047,-10105.700703457564
36,155.6904,79.98385620117188,-5731.480773963883
37,159.7412,29.773176193237305,-16891.687212235232
38,151.9603,50.19105911254883,-10356.97839080806
39,141.8136,37.571956634521484,-10866.320211535613
40,146.2261,60.95584487915039,-7271.0164083747795
41,140.3121,48.06960678100586,-8508.677555256178
42,135.8533,69.88263702392578,-4352.128373502768
43,137.4058,125.18790435791016,-149.276973920998
44,137.0021,35.27745056152344,-10347.904303380952
45,123.0397,8.26507568359375,-13173.214386972191
46,113.7266,66.39067840576172,-2240.6894731758744
47,121.9626,148.76487731933594,-718.3620695025899
48,112.3271,53.49631118774414,-3461.061712272249
49,111.3014,124.82720947265625,-182.94752189059753
50,109.6518,24.05768394470215,-7326.352703287796
51,106.7374,20.77224349975586,-7390.008132111467
52,102.2536,98.2698745727539,-15.870068279687118
53,97.9616,57.03142547607422,-1675.2791865590234
54,93.9208,95.31522369384766,-1.9444174379637427
55,95.3649,45.95411682128906,-2441.425494333584
56,90.8335,140.88111877441406,-2504.764144989083
57,92.5193,145.98757934570312,-2858.8568961901433
58,85.9225,135.2877197265625,-2436.9249186517955
59,85.2807,48.35081481933594,-1363.8164194570309
60,77.6889,150.38404846191406,-5284.584609899726
61,75.501,163.14443969726562,-7681.372521968236
62,80.1568,154.64463806152344,-5548.438019079739
63,77.2682,151.33863830566406,-5486.429830793187
64,79.4916,8.574895858764648,-5029.178926255508
65,78.2416,48.540802001953125,-882.1374017207855
66,79.081,189.72018432617188,-12241.029108360635
67,81.3944,163.2578582763672,-6701.625800966511
68,78.8167,175.098876953125,-9270.257598832875
69,74.7863,114.76988983154297,-1598.6874558170666
70,72.8058,132.7238311767578,-3590.1704600989206
71,79.2452,168.379638671875,-7944.948157350246
72,72.2763,168.084716796875,-9179.252729123718
73,61.8886,190.88800048828125,-16640.845326335977
74,57.9984,160.95155334472656,-10599.351783622782
75,60.5947,125.14425659179688,-4166.645256197587
76,55.8348,91.86917877197266,-1298.4764534819935
77,47.5947,169.73760986328125,-14918.890429869647
78,43.089,136.4514923095703,-8716.554970254576
79,44.7662,108.7908935546875,-4099.1613847716435
80,48.6433,171.54733276367188,-15105.401269573727
81,65.1109,113.45249938964844,-2336.9102315492582
82,62.3217,86.24478912353516,-572.3141932126061
83,66.2297,162.95790100097656,-9356.344868885324
84,66.7966,44.02589416503906,-518.505044222324
85,73.6639,24.36452865600586,-2430.4280149130304
86,74.9177,59.21232604980469,-246.6587709154734
87,67.9628,111.796875,-1921.4261311056248
88,70.8533,148.0160675048828,-5954.092689012598
89,71.1911,167.36764526367188,-9249.927858855124
90,70.3698,151.03953552246094,-6507.606229263796
91,73.7203,68.04320526123047,-32.229404672964634
92,75.4283,105.69711303710938,-916.2010426754829
93,77.7307,27.046932220458984,-2568.84431633044
94,75.47,201.91046142578125,-15987.190285564477
95,83.3306,106.22509002685547,-524.1576735897844
96,76.12,90.9084243774414,-218.69749556730312
97,78.0093,203.33274841308594,-15705.966722147414
98,77.2052,223.2829132080078,-21338.698296080984
99,69.9298,292.8142395019531,-49677.473372099805
100,72.5812,145.05055236816406,-5251.807032661127
101,69.3308,112.29359436035156,-1845.8016992498563
102,81.2135,159.84747314453125,-6183.301732494862
103,80.8934,64.73530578613281,-261.08400862420825
104,71.7929,52.94091033935547,-355.39751416504845
105,74.5699,39.49787521362305,-1230.0469226162397
106,69.6243,121.14192962646484,-2654.066162329608
107,77.5012,215.09933471679688,-18933.246677541785
108,84.5952,26.058534622192383,-3426.5411935534216
109,83.5829,213.37774658203125,-16846.70219925303
110,75.1735,206.61903381347656,-17277.928359509813
111,72.0076,107.67584228515625,-1272.2235077126086
112,84.5992,204.1997833251953,-14304.299531726989
113,83.1358,164.7577362060547,-6662.140470025261
114,84.6406,200.51974487304688,-13427.976216508585
115,89.4831,203.30123901367188,-12954.568768535537
116,89.6762,227.1659393310547,-18903.42842132137
117,92.5789,170.05807495117188,-6003.022551114299
118,102.3809,227.8018798828125,-15730.422194764858
119,103.855,216.6423797607422,-12720.993033293875
120,103.6596,206.56077575683594,-10588.651972139241
121,107.7526,88.32477569580078,-377.4403571948339
122,101.9948,118.09371948242188,-259.17520850150265
123,100.8404,91.88201904296875,-80.25258937130018
124,109.8774,200.43702697753906,-8201.046038311022
125,102.0176,209.3138427734375,-11512.483713296439
126,98.8112,341.25177001953125,-58777.42999139524
127,94.7047,465.18304443359375,-137254.20369425652
128,95.9671,206.3389892578125,-12181.953938338826
129,85.2533,205.7177734375,-14511.689360574144
130,87.4588,206.94711303710938,-14277.456952454244
131,84.6245,103.65386962890625,-362.1169084735397
132,86.2751,67.19499206542969,-364.0505187948528
133,77.2968,71.23045349121094,-36.8005599646973
134,73.1238,176.32861328125,-10651.233484417677
135,73.1068,183.41580200195312,-12168.075922666898
136,64.477,208.0443572998047,-20611.58608204978
137,62.059,206.0394744873047,-20730.377033589397
138,54.9287,136.9616241455078,-6729.40064386264
139,59.2848,162.42559814453125,-10638.024241890944
140,60.8277,101.9169692993164,-1688.3280515517458
141,52.0052,70.15288543701172,-329.33848672072713
142,57.8572,188.789306640625,-17143.216549351997
143,50.1139,202.95814514160156,-23361.363272905994
144,41.9306,229.16983032226562,-35058.529371674435
145,41.8015,148.04136657714844,-11286.9092503303
146,43.1241,202.34091186523438,-25349.993180529436
147,51.8019,199.38250732421875,-21780.035658185254
148,48.3943,242.714111328125,-37760.1890745981
149,35.1281,265.7964782714844,-53207.90073439659
150,51.3483,392.2549133300781,-116217.3190121834
151,47.3245,178.8718719482422,-17304.711066489177
152,46.9399,194.91917419433594,-21897.86559108246
153,40.9033,144.7491912841797,-10783.969136605667
154,38.8945,356.7938537597656,-101059.99912087662
155,32.4653,397.6610412597656,-133367.92943426967
156,25.2968,247.55776977539062,-49399.93868549711
157,21.6579,155.64004516601562,-17951.21522328728
158,12.9864,200.24212646484375,-35064.707093876386
159,17.7191,204.98001098632812,-35066.648783429504
160,9.3331,156.8813934326172,-21770.498894877703
161,10.4083,147.61668395996094,-18826.140628904068
162,14.7212,240.22640991210938,-50852.599697504505
163,31.272,155.7111053466797,-15485.090939482046
164,29.9249,241.37393188476562,-44710.69308500463
165,28.0638,38.88949203491211,-117.19560803475947
166,21.2927,227.89744567871094,-42685.52093696483
167,29.5122,317.8683166503906,-83149.25000969369
168,37.821,226.92947387695312,-35762.01489207026
169,41.2481,221.24722290039062,-32399.68424490993
170,40.7791,79.19534301757812,-1475.8077275856201
171,34.354,130.43521118164062,-9231.599142131023
172,27.6993,59.92909240722656,-1038.759518612919
173,25.4334,80.05065155029297,-2983.0441669079796
174,25.1654,115.5368881225586,-8167.0058654857485
175,15.4742,211.46888732910156,-38413.91746123229
176,10.4569,273.8959655761719,-69400.14127164657
177,14.5413,138.44686889648438,-15352.590003561434
178,20.5281,201.619873046875,-32794.230265260885
179,21.9842,129.4186553955078,-11542.162206129358
180,17.5666,222.95082092285156,-42182.6782040867
181,12.8667,251.41323852539062,-56904.45104244567
182,14.2505,310.9222717285156,-88014.14014053649
183,14.7509,326.74261474609375,-97338.83007020793
184,12.0018,283.24676513671875,-73573.83111201976
185,6.2005,305.2564392089844,-89434.45477616777
186,13.4417,200.0906219482422,-34837.820064441
187,9.7947,249.79052734375,-57597.997142411055
188,5.9207,335.2303771972656,-108444.86349576728
189,0.3739,452.40399169921875,-204331.20380160413
190,8.2527,218.1055145263672,-44038.20376463787
191,5.8489,198.93031311035156,-37280.432088690235
192,9.7782,223.4712677001953,-45664.72718312026
193,9.0933,218.43450927734375,-43823.74190170063
194,3.0825,192.99867248535156,-36068.1525714858
195,11.4058,113.7938461303711,-10483.311990395
196,8.7503,153.11941528320312,-20842.44144765479
197,14.9578,217.9876251220703,-41221.10988909846
198,22.5596,197.0998077392578,-30464.284117663276
199,17.4952,215.5861358642578,-39240.0188715775
200,21.4227,92.8202133178711,-5097.604907975581
201,23.8121,100.2593002319336,-5844.174423301348
202,16.008,156.63229370117188,-19775.191978953444
203,17.7074,119.54780578613281,-10371.468250684193
204,17.2228,222.91209411621094,-42308.085714025125
205,16.7809,216.71524047851562,-39973.740502579014
206,10.2771,235.83631896972656,-50876.96126223306
207,12.3962,208.7973175048828,-38573.39895716679
208,3.0694,203.21812438964844,-40059.51187480345
209,14.4246,132.92724609375,-14042.877131220563
210,18.4464,180.52264404296875,-26268.70888307596
211,15.4345,228.19459533691406,-45266.858167772756
212,16.031,209.53248596191406,-37442.825069468825
213,18.1032,228.7994842529297,-44392.92419799134
214,33.5346,233.9105987548828,-40150.54087701679
215,43.0605,195.855224609375,-23346.22786845475
216,41.774,149.36448669433594,-11575.712827124078
217,42.8719,158.5334014892578,-13377.582926749588
218,48.7053,121.76543426513672,-5337.783218839805
219,52.0486,128.99673461914062,-5921.015421365389
220,44.6885,227.2906494140625,-33343.5449706356
221,43.0141,215.17063903808594,-29637.873933572013
222,48.3448,164.62460327148438,-13520.99264885511
223,49.9264,173.56057739257812,-15285.409819539476
224,55.6589,162.890625,-11498.642846475625
225,50.6383,188.56861877441406,-19024.772837211476
226,42.4816,175.779296875,-17768.27599217938
227,49.2734,189.37937927246094,-19629.685427895252
228,45.7514,164.16455078125,-14021.67427794305
229,44.9527,151.6618194580078,-11386.836175503384
230,49.3253,166.94808959960938,-13835.120633193976
231,40.0124,151.96336364746094,-12533.01826159512
232,40.1176,50.11275863647461,-99.90319616829291
233,30.8845,150.05848693847656,-14202.439162812181
234,34.6782,202.721435546875,-28238.52901306251
235,24.478,191.2178955078125,-27802.192753956228
236,18.2823,31.552139282226562,-176.08863457612318
237,22.7423,179.12696838378906,-24456.164505507673
238,22.6749,106.70339965820312,-7060.788754808641
239,18.6859,93.25565338134766,-5560.64811935501
240,18.1209,80.2878189086914,-3864.725806599813
241,18.2673,190.8665771484375,-29790.510472163136
242,21.4584,175.11276245117188,-23609.663100276095
243,29.6965,138.93458557128906,-11932.95933928027
244,29.796,122.2757568359375,-8552.50542443413
245,29.205,137.3280487060547,-11690.593661491874
246,39.1308,125.91084289550781,-7530.775844946177
247,33.5216,163.34307861328125,-16853.61630933864
248,28.1122,27.845916748046875,-0.0709067702707322
249,33.9395,58.061073303222656,-581.8502986227438
250,38.4396,40.98329544067383,-6.470386494904828
251,39.6737,107.96775817871094,-4664.078382517155
252,37.0042,217.96844482421875,-32748.057904799785
253,43.3144,183.03421020507812,-19521.625363743053
254,36.0458,203.80477905273438,-28143.075052815777
255,35.0515,218.6838836669922,-33720.85233122142
256,33.9755,200.68954467773438,-27793.57269280961
257,40.8918,235.62567138671875,-37921.280665259124
258,39.041,144.95887756347656,-11218.596787551613
259,34.3169,164.19900512695312,-16869.361232208903
260,35.0633,141.90293884277344,-11414.708428054262
261,32.4177,80.31800842285156,-2294.439547004304
262,29.8167,7.985383033752441,-476.60640048076857
263,42.6099,151.905029296875,-11945.425288020622
264,46.3047,121.65109252929688,-5677.078867178884
265,38.219,174.4559783935547,-18560.51428180589
266,46.8,199.94821166992188,-23454.37473769519
267,53.1622,135.7979278564453,-6828.663518364492
268,44.7182,64.18365478515625,-378.9039299929622
269,50.7785,163.62124633789062,-12733.485401077527
270,47.2156,168.27186584472656,-14654.619500269113
271,40.7553,22.817729949951172,-321.75641930040865
272,37.5221,25.816755294799805,-137.0150946675583
273,28.8721,56.79563903808594,-779.7240324115094
274,28.0552,47.931121826171875,-395.05226844009553
275,28.1173,68.15605926513672,-1603.1022434915715
276,20.3526,143.2414093017578,-15101.659451603799
277,14.8168,160.17935180664062,-21130.27146773828
278,13.7,64.13070678710938,-2543.256187047399
279,8.5349,47.66205978393555,-1530.9346327576231
280,5.7427,55.34730911254883,-2460.617245208762
281,4.219,66.79647064208984,-3915.939831961616
282,15.6853,94.31935119628906,-6183.31400754061
283,15.2188,44.312137603759766,-846.4222929263419
284,25.1969,97.93907165527344,-5291.423537125266
285,18.5131,41.74156951904297,-539.5617961971083
286,16.0231,100.74119567871094,-7177.155735427221
287,12.0898,37.90370559692383,-666.3577221668953
288,5.3115,143.90786743164062,-19208.953065246336
289,11.4402,142.20681762695312,-17099.908285593767
290,9.9816,172.4456787109375,-26394.576871393692
291,7.5754,158.74102783203125,-22851.04703785218
292,2.9713,31.43724250793457,-810.3098828650363
293,0.0,143.58746337890625,-20617.359639588743
294,0.0,134.4955291748047,-18089.04736801074
295,0.0,155.51052856445312,-24183.52449439559
296,0.0,142.46969604492188,-20297.614291132428
297,0.0,116.3945541381836,-13547.692233026552
298,0.0,46.73341369628906,-2184.011955708498
299,0.0,65.29863739013672,-4263.912045008561
300,8.9517,100.48413848876953,-8378.187295700378
301,2.9468,141.74916076660156,-19266.095354381814
302,6.1569,150.35708618164062,-20793.693694819816
303,6.2988,46.25053405761719,-1596.141054210569
304,3.3435,63.088741302490234,-3569.4938582927853
305,10.255,50.43076705932617,-1614.0922588052376
306,0.0,78.12459564208984,-6103.452444240043
307,0.0,55.06885528564453,-3032.5788224712596
308,0.0,30.225997924804688,-913.6109505502973
309,0.0,26.523422241210938,-703.491927385563
310,0.0,38.62113571166992,-1491.5921236592258
311,0.0,43.06974792480469,-1855.0031863062177
312,0.0,35.22574234008789,-1240.8529234102607
313,0.0,28.77255630493164,-827.8599963204615
314,0.0,106.20619201660156,-11279.755222667241
315,0.0,88.15319061279297,-7770.98501521541
316,0.0,21.42824363708496,-459.1696253702721
317,0.0,105.8194351196289,-11197.752849037352
318,0.0,101.44325256347656,-10290.733490657294
319,0.0,99.7456283569336,-9949.190376319515
320,0.0,47.32094955444336,-2239.272266734173
321,0.0,16.707483291625977,-279.1399979399612
322,0.0,51.751155853271484,-2678.1821321495954
323,0.0,88.69478607177734,-7866.765076318348
324,0.0,75.77168273925781,-5741.34790513874
325,0.0,106.6662826538086,-11377.695855182188
326,0.0,98.70465850830078,-9742.609611240274
327,0.0,59.699432373046875,-3564.0222256639972
328,0.0,92.66325378417969,-8586.478601871291
329,0.0,47.47323989868164,-2253.7085064777784
330,0.0,2.3459901809692383,-5.503669929204079
331,0.0,9.93062973022461,-98.6174068388209
332,0.0,1.4168219566345215,-2.007384456801674
333,0.0,42.256595611572266,-1785.6198726799485
334,0.0,33.94160842895508,-1152.0327827445144
335,0.0,6.673220634460449,-44.53187363618872
336,0.0,16.492366790771484,-271.9981623613421
337,0.0,22.928537368774414,-525.7178258712847
338,0.0,46.222171783447266,-2136.4891643785086
339,0.0,81.5159683227539,-6644.853091596218
340,0.0,82.11302185058594,-6742.548357434804
341,0.0,63.73652648925781,-4062.344808915863
342,0.0,79.83358001708984,-6373.400498345087
343,0.0,72.96748352050781,-5324.253651315579
344,0.0,84.80126953125,-7191.25531411171
345,0.0,83.47531127929688,-6968.127593175508
346,0.0,61.21464920043945,-3747.2332767328626
347,0.0,25.912263870239258,-671.4454188809068
348,0.0,56.46974563598633,-3188.832172192997
349,0.0,86.35596466064453,-7457.352632470487
350,0.0,81.5151596069336,-6644.721245743858
351,0.0,82.97389221191406,-6884.666788794333
352,0.0,82.8046646118164,-6856.6124814754
353,0.0,28.743377685546875,-826.181760773994
354,0.0,30.322534561157227,-919.4561022125745
355,0.0,13.976120948791504,-195.33195677524873
356,0.0,30.158905029296875,-909.5595525661483
357,0.0,82.15758514404297,-6749.86879670067
358,0.0,83.9312515258789,-7044.45498270035
359,0.0,49.676116943359375,-2467.7165945703164
360,0.0,41.44634246826172,-1717.799303996435
361,0.0,7.833916664123535,-61.37025030043242
362,0.0,19.527498245239258,-381.3231877178223
363,0.0,28.61359977722168,-818.7380922110206
364,0.0,106.23734283447266,-11286.373012529279
365,0.0,7.981784343719482,-63.70888130964545
1,0.0,16.467329025268555,-271.1729252264522
2,0.0,51.28449249267578,-2630.0991702313186
3,0.0,86.14165496826172,-7420.384720671049
4,0.0,86.93798828125,-7558.213806390762
5,0.0,86.86258697509766,-7545.109016006405
6,0.0,45.24207305908203,-2046.8451746833161
7,0.0,39.72001266479492,-1577.679406091469
8,0.0,96.42912292480469,-9298.575748047093
9,0.0,91.20514678955078,-8318.378800903505
10,0.0,89.33303833007812,-7980.3917372832075
11,0.0,22.50635528564453,-506.53602824365953
12,0.0,54.50571823120117,-2970.873319899096
13,0.0,24.535480499267578,-601.9898033299396
14,0.0,57.335792541503906,-3287.393106362375
15,0.0,73.11209106445312,-5345.3778598168865
16,0.0,3.8468282222747803,-14.798087371689746
17,0.0,1.306638240814209,-1.7073034923580508
18,0.0,13.188087463378906,-173.92565094173187
19,0.0,67.09603881835938,-4501.878425114788
20,0.0,6.98331880569458,-48.766741541967576
21,0.0,7.088192939758301,-50.24247915123942
22,0.0,16.252613067626953,-264.1474315259984
23,0.0,25.428274154663086,-646.5971264847067
24,0.0,17.108266830444336,-292.6927939416819
25,0.0,32.616859436035156,-1063.8595194700756
26,0.0,0.0844312310218811,-0.007128632771870258
27,0.0,50.23421859741211,-2523.4767180925846
